# wavelength [um]         Fp/Fs [ppm]              Fp/Fs error [ppm]        half-bin width [um]
8.543200632359985169e-01 4.862404249674168568e+02 7.723507371018888534e+01 2.207813544452874588e-03
8.591812501651039380e-01 4.987142040342669702e+02 8.086857494578674732e+01 2.653373384652435441e-03
8.640490705741382671e-01 5.595213206426444685e+02 7.888258976548888768e+01 2.214447024381782647e-03
8.689247480901404197e-01 5.209061164077550075e+02 6.728848733554684713e+01 2.661230491620369953e-03
8.738069231786239621e-01 5.969458633033456181e+02 6.987844075142561451e+01 2.220944596863172471e-03
8.786968624033675290e-01 5.937629736965246821e+02 6.364797419281319435e+01 2.668994627880505455e-03
8.835931834345059910e-01 5.878115557750459175e+02 6.754221217778399478e+01 2.227326403258067522e-03
8.884970909790987914e-01 6.005066694160796033e+02 6.197692606404189064e+01 2.676581141334510860e-03
8.934072681951463757e-01 5.348113108934063575e+02 6.879221817520368631e+01 2.233596074713073421e-03
8.983249054457047578e-01 4.110174140300778731e+02 6.602586416495051935e+01 2.684041175845308658e-03
9.032487163935836172e-01 5.614489379793064927e+02 6.557253036423389858e+01 2.239769772033550765e-03
9.077310109385223758e-01 4.144519400248163947e+02 7.335636188079030262e+01 2.242524772904985753e-03
9.126681861804001317e-01 5.451890287048114487e+02 6.716028729280833431e+01 2.694650468972881185e-03
9.176113480556596924e-01 6.665783170816466736e+02 6.546445990244819768e+01 2.248511406286790582e-03
9.225616370824157864e-01 5.809049829130033231e+02 6.382629496243009726e+01 2.701777620469192343e-03
9.275178143411906273e-01 5.301136375961542626e+02 7.007698484922553916e+01 2.254399638305648601e-03
9.320292592139289845e-01 5.265884724460885309e+02 6.662595964397542048e+01 2.257045234432819569e-03
9.369981933181843470e-01 4.598609885582048378e+02 5.918159555881504730e+01 2.711888869822653980e-03
9.419728449996063180e-01 5.315104802496512093e+02 7.210370943889574846e+01 2.262762811599317025e-03
9.465009286985607284e-01 6.544287230489921967e+02 6.904299587653224535e+01 2.265320887355204427e-03
9.514879933066463513e-01 5.360568206249932928e+02 5.558649224670142530e+01 2.721743720730307459e-03
9.564806150897283699e-01 5.616695486231367340e+02 6.552145577558593459e+01 2.270878062351600057e-03
9.610248753293604285e-01 6.742436204703467411e+02 6.228525746599450486e+01 2.273382177280347527e-03
9.660295624192337671e-01 5.820971634378071258e+02 5.543019725362103145e+01 2.731304912593213174e-03
9.710396524990890788e-01 6.189536779812984832e+02 6.399070477385760114e+01 2.278785167261876410e-03
9.755996340921850862e-01 6.695898770329694116e+02 6.504003295799986972e+01 2.281196425834020047e-03
9.806214314336653137e-01 5.820019504341432821e+02 5.406000101443930816e+01 2.740600915646318469e-03
9.856484774603375687e-01 7.312630288612455161e+02 5.782383209891077058e+01 2.286445111026047528e-03
9.902237202691681617e-01 7.072825373871164629e+02 6.797524508046092251e+01 2.288797697804656472e-03
9.948036567190751134e-01 7.214565701415805279e+02 6.333452615258738660e+01 2.291138752102184206e-03
9.998471753861895017e-01 7.632141155085869286e+02 5.475878478866763999e+01 2.752379915012315159e-03
1.004895739906094931e+00 7.031986863372757171e+02 5.719942575461436718e+01 2.296184604893225512e-03
1.009490351091684168e+00 6.082348533613118207e+02 6.214162167454617247e+01 2.298426580696233401e-03
1.014549857640717256e+00 7.488546533515071815e+02 5.242038723594532712e+01 2.761079968336854762e-03
1.019614266461341900e+00 6.733908748593405562e+02 6.041473604709551637e+01 2.303328852288011319e-03
1.024223110821606220e+00 6.712421546606675520e+02 6.711055073838974749e+01 2.305515507976307887e-03
1.028836329286371365e+00 6.247791511760505045e+02 5.826576332163415373e+01 2.307702956788615367e-03
1.033916095775793353e+00 7.149721058891338998e+02 5.370943930493751850e+01 2.772063532633151084e-03
1.039000572023538016e+00 6.870222858163148203e+02 5.479914020541514219e+01 2.312412715111511474e-03
1.043627472404563328e+00 8.523766866218209088e+02 5.735425855527239491e+01 2.314487665913356196e-03
1.048258554449214230e+00 7.144928846306230525e+02 5.593645577051609052e+01 2.316594378737546478e-03
1.052893807467491838e+00 7.341056678601494241e+02 5.631077181124624076e+01 2.318658639540061017e-03
1.057997531813409386e+00 7.660197536815485364e+02 5.884449161056602406e+01 2.785065706377709560e-03
1.063105724935427210e+00 6.639156924861480320e+02 5.926814481154974601e+01 2.323127415640557913e-03
1.067753978411806193e+00 7.151714479243695450e+02 5.582468702071071220e+01 2.325126060738202938e-03
1.072406207212634355e+00 6.693409908753692434e+02 5.837311185773114630e+01 2.327102740089959099e-03
1.077528423398386392e+00 6.952015620295278495e+02 5.963377972262878757e+01 2.795113445662300578e-03
1.082654926306637178e+00 6.580288937921718571e+02 5.956478655074499784e+01 2.331389462588484562e-03
1.087319605514537324e+00 8.648383286650233686e+02 5.354055970068372972e+01 2.333289745311883934e-03
1.091988113854361897e+00 8.486552500489447084e+02 5.673290186326050843e+01 2.335218594512689094e-03
1.096660402953536062e+00 8.089552538132594464e+02 5.537548837995871054e+01 2.337070504661253878e-03
1.101336405670705121e+00 7.890540861527615561e+02 5.920801637830629716e+01 2.338932212508249009e-03
1.106484503810384989e+00 7.830445605092851338e+02 4.882730240779471842e+01 2.809165927171619614e-03
1.111636634957905212e+00 7.848199443240350774e+02 5.307581892899622744e+01 2.342965220348824928e-03
1.116324354121987605e+00 8.127005558811459878e+02 5.208660243784777322e+01 2.344753943733790535e-03
1.121015645672714500e+00 7.947657326569288898e+02 4.965008843198700106e+01 2.346537606992660230e-03
1.125710483100045067e+00 8.289659257296719943e+02 6.155681574590471428e+01 2.348299820337684807e-03
1.130408806275852607e+00 7.766211489355191588e+02 5.526513626133510115e+01 2.350023355469632591e-03
1.135581159148394415e+00 7.643525496752940853e+02 5.393524821981043260e+01 2.822329517072175165e-03
1.140757298910773931e+00 8.601122457048495562e+02 5.859514447530295911e+01 2.353810245307563775e-03
1.145466575323962344e+00 7.247646077608653741e+02 5.972615119423437591e+01 2.355466167880848616e-03
1.150179205825012207e+00 7.977015716639016318e+02 5.710558210944770963e+01 2.357164333169015080e-03
1.154895167418988899e+00 7.806318490287493432e+02 5.761301610059388167e+01 2.358797260808120910e-03
1.159614388991352829e+00 8.555855588613226246e+02 5.993218217680600901e+01 2.360424311556030830e-03
1.164336849341247149e+00 9.233216644385689733e+02 5.907346325928722308e+01 2.362036038338510835e-03
1.169535424405363733e+00 9.028365133119849588e+02 4.466346499648886947e+01 2.836539025777629064e-03
1.174737480888732533e+00 8.600002451621787714e+02 6.130141894205803510e+01 2.365517457590948780e-03
1.179470063300246174e+00 8.307356599513564106e+02 6.082332277903606155e+01 2.367064953922470849e-03
1.184205733637998526e+00 9.624406690950709162e+02 5.765161256197552575e+01 2.368605383829880395e-03
1.188944468526255127e+00 8.547557840913184464e+02 5.460280972436748925e+01 2.370129504426721212e-03
1.193686225468526541e+00 9.096230131793115561e+02 5.954126317563213888e+01 2.371627437844248121e-03
1.198430951454127813e+00 8.950050458310697650e+02 5.635346893609266772e+01 2.373098547756580246e-03
1.203178631132278076e+00 8.422297975830590531e+02 5.848106156948028911e+01 2.374581130393904616e-03
1.207929242828853500e+00 1.013879202468756716e+03 5.497403790538737667e+01 2.376030566181519532e-03
1.213158402447101158e+00 8.279277079865840960e+02 5.506118627527450826e+01 2.853129052066138982e-03
1.218390681492206085e+00 9.309423541223793563e+02 6.206701898303379039e+01 2.379149993038343069e-03
1.223150396215613389e+00 8.974595041963266340e+02 5.540001096954517834e+01 2.380564730368739390e-03
1.227912903255028221e+00 9.510869298021229952e+02 5.322566761385519385e+01 2.381942309046092277e-03
1.232678148908179949e+00 8.546690351657929341e+02 5.738360673560498526e+01 2.383303344105636157e-03
1.237446087262324079e+00 9.650873780369697670e+02 6.002623347113274122e+01 2.384635010038493874e-03
1.242216716136880672e+00 9.188266703779244153e+02 6.174342203345656799e+01 2.385993864518543006e-03
1.246989998668999178e+00 8.579248528510775031e+02 6.245767759647219464e+01 2.387288667599740677e-03
1.251765890601570286e+00 8.427345133615264103e+02 5.588373044913510057e+01 2.388603264971589368e-03
1.256544371138602401e+00 9.589230415888908965e+02 6.462251827597742704e+01 2.389877272060525470e-03
1.261325395768515545e+00 9.134484096745982242e+02 5.940403650544180891e+01 2.391147357852618782e-03
1.266108938318707189e+00 8.997243582214779281e+02 5.747783113080629391e+01 2.392395192339025201e-03
1.271373846933152141e+00 9.325592384243520883e+02 5.056313519736352191e+01 2.872513422105704706e-03
1.276641462944954508e+00 8.925651870740450704e+02 6.349105938072682420e+01 2.395102589696440631e-03
1.281432864653953452e+00 1.081337759632475581e+03 6.479769623699530712e+01 2.396299119302502945e-03
1.286226641121890335e+00 1.030284705204120428e+03 6.274058305007940817e+01 2.397477348634380334e-03
1.291022789773867974e+00 1.041362338454752944e+03 6.071769133233124194e+01 2.398671303343258288e-03
1.295821276256580390e+00 1.092009997063205219e+03 5.707882002631981777e+01 2.399815179369158002e-03
1.300622049725192131e+00 8.429308205142706356e+02 6.501777606382268004e+01 2.400958289242804966e-03
1.305425084048482010e+00 8.735817238070618487e+02 6.731739701522292307e+01 2.402076034047073705e-03
1.310230364594377139e+00 9.344326472512153714e+02 6.143813350160303344e+01 2.403204511848056057e-03
1.315037867191841237e+00 9.923371813322420394e+02 6.276371388048312383e+01 2.404298085616041192e-03
1.319847539335140985e+00 8.404294925332727644e+02 6.130832346377496833e+01 2.405374057683484779e-03
1.324659362681462449e+00 9.691352293736009642e+02 6.740655514636489443e+01 2.406449288637979578e-03
1.329473309821467053e+00 1.037233845504050578e+03 6.418300639969265831e+01 2.407497851366846575e-03
1.334289341202975265e+00 1.002141266618905092e+03 6.172513770678733636e+01 2.408533530141809820e-03
1.339107433657941826e+00 1.019403247229320414e+03 6.657275740064631009e+01 2.409558924824528603e-03
1.343927573752222049e+00 1.109282907919623995e+03 6.724868431550089554e+01 2.410581169455472406e-03
1.348749723372956622e+00 1.051607432410861293e+03 6.708974659532032092e+01 2.411568451278656156e-03
1.353573850992018546e+00 1.068082705316050351e+03 6.309092214589611558e+01 2.412559167783268066e-03
1.358399929564338526e+00 1.094719446883370892e+03 6.679409930081192215e+01 2.413519404536712543e-03
1.363227930818085021e+00 1.051971078583320832e+03 6.346088821579985506e+01 2.414481849210226017e-03
1.368057829431727379e+00 1.090886580212673380e+03 6.695539491507997809e+01 2.415416764432354313e-03
1.372889602523386765e+00 1.034040401296368145e+03 6.502710827240116487e+01 2.416356327227031642e-03
1.377723223786147200e+00 1.121962361015369652e+03 6.469214657167208316e+01 2.417264935533403047e-03
1.382558649557583452e+00 1.051970511070344401e+03 6.585117831666832444e+01 2.418160835903071515e-03
1.387395869242389779e+00 1.109199930817149834e+03 6.969858080370408970e+01 2.419058848902810865e-03
1.392234861257842349e+00 1.191481411469030490e+03 6.478118831492656682e+01 2.419933166549759207e-03
1.397075585555509925e+00 1.252406781733276603e+03 6.754818437313679169e+01 2.420791131117816519e-03
1.401918029816845213e+00 1.220097165925518993e+03 7.632690479080429213e+01 2.421653130217693572e-03
1.406762151443349484e+00 1.119706189677449174e+03 6.625184249387802993e+01 2.422468496286356299e-03
1.411607922156388195e+00 1.093594472437929426e+03 7.026352826586924039e+01 2.423302216752354354e-03
1.416455337049271401e+00 1.114679688355879762e+03 7.192805858781366624e+01 2.424112676130629751e-03
1.421304366167347899e+00 1.226035602447911060e+03 6.456559953100577331e+01 2.424916441946312062e-03
1.426154984833031492e+00 1.142344542688274942e+03 7.026467756568627010e+01 2.425702223737058461e-03
1.431007160213333407e+00 1.250467216176302600e+03 7.130415462899509293e+01 2.426473156564856737e-03
1.435860865423046029e+00 1.268160508061709606e+03 7.313070499735385965e+01 2.427232053147321267e-03
1.440716079135760053e+00 1.255677688138515578e+03 7.173178332613406383e+01 2.427981659566258443e-03
1.445572784354088425e+00 1.301514544159033221e+03 7.959141625218421723e+01 2.428723558761891610e-03
1.450430950463504232e+00 1.154618535150247453e+03 7.324587455394589597e+01 2.429442550653693189e-03
1.455290548359378322e+00 1.314453857132408984e+03 7.789326889425797162e+01 2.430155345220619267e-03
1.460151574748088432e+00 1.281351191799677053e+03 7.171256517914866890e+01 2.430871043489490901e-03
1.465013998539511642e+00 1.107191918731279884e+03 7.386705252157298673e+01 2.431552747933274361e-03
1.469877774418540062e+00 1.257645405153573847e+03 7.846635988216917212e+01 2.432223131094923829e-03
1.474742901003135209e+00 1.264039444167882721e+03 7.612768793799773448e+01 2.432903453500667723e-03
1.479609357664094293e+00 1.200846391759424705e+03 7.354173312899752091e+01 2.433553207458860612e-03
1.484477095719297646e+00 1.098449925581162233e+03 7.693386520680041940e+01 2.434184847744935709e-03
1.489346114474691785e+00 1.212304532457689447e+03 8.364352619004898770e+01 2.434833907649425200e-03
1.494216401198210420e+00 1.261100773363779354e+03 7.837225975449473481e+01 2.435452815869210141e-03
1.499087914503364205e+00 1.320947111945759843e+03 6.888114470970549519e+01 2.436060489284352926e-03
1.503960650260874887e+00 1.302575797682472512e+03 8.021591487897399020e+01 2.436675268226773383e-03
1.508834570554808074e+00 1.292804334003420763e+03 6.940436343299438704e+01 2.437245025706191726e-03
1.513709652093066849e+00 1.269976454309057772e+03 7.538614541215270037e+01 2.437836512552582491e-03
1.518585889075334316e+00 1.296497660481641788e+03 6.989425311129889451e+01 2.438400469714885332e-03
1.523463243605990947e+00 1.257461111842682385e+03 8.714218048522207027e+01 2.438954060941522783e-03
1.528341696926119875e+00 1.260342796743902227e+03 7.890788785496874880e+01 2.439499259187627445e-03
1.533221247792376341e+00 1.140059306415886113e+03 8.065148654359700231e+01 2.440051607069060324e-03
1.538101861699765704e+00 1.288083795529696317e+03 8.216413279475796116e+01 2.440562300320525679e-03
1.542983508644120372e+00 1.356106034223345205e+03 7.281741206871515715e+01 2.441084644033697515e-03
1.547866186636204899e+00 1.210756253978347104e+03 8.367652951297259278e+01 2.441593348050608014e-03
1.552749874429547594e+00 1.309776167754367634e+03 7.642275707274370689e+01 2.442094445291864702e-03
1.557634538577451488e+00 1.181259981171628169e+03 7.929383670527477079e+01 2.442569702611807614e-03
1.562520162240882637e+00 1.309383862765603226e+03 8.459634522841770377e+01 2.443053960819563386e-03
1.567406745067261520e+00 1.354959472379097406e+03 8.458718561448313267e+01 2.443528865559096985e-03
1.572294244146979159e+00 1.352310681368341648e+03 8.367324757762935405e+01 2.443970214158541765e-03
1.576693729857604920e+00 1.397203750689676326e+03 1.010120183150127104e+02 1.955515496467663539e-03
1.581094024941994469e+00 1.109252224669092129e+03 8.916852361480357558e+01 2.444779587922107922e-03
1.585984021181650716e+00 1.353096924031586013e+03 9.045077311691943578e+01 2.445216651733694846e-03
1.590874870893603132e+00 1.294373774878881704e+03 8.687999162818778132e+01 2.445633060218943555e-03
1.595766554531958370e+00 1.448867023114833046e+03 8.047058509264957138e+01 2.446050578136071962e-03
1.600659059387604888e+00 1.216773062671078605e+03 8.452718466452802204e+01 2.446454277510445863e-03
1.605552367854037321e+00 1.282447892669673820e+03 9.129146645372270541e+01 2.446854188922209516e-03
1.610446463348331747e+00 1.087873579940880063e+03 8.970130813576645323e+01 2.447241305371994358e-03
1.615341322894651821e+00 1.279999165129790072e+03 9.297067993523569385e+01 2.447618240948079560e-03
1.620236928374720220e+00 1.177889790645822814e+03 8.929931970437769451e+01 2.447987239120541503e-03
1.625133261885107094e+00 1.448768917037583378e+03 8.243420124070485144e+01 2.448346271266332863e-03
1.630030319271077666e+00 1.136516198972943130e+03 9.030253482486909888e+01 2.448711114704682501e-03
1.634928078770619964e+00 1.303593794355872205e+03 9.794318533519526682e+01 2.449048384837615444e-03
1.639826522789800123e+00 1.253940917258739546e+03 9.242048885801841607e+01 2.449395634342543815e-03
1.644725621913086355e+00 1.460337763428030030e+03 1.007528310520665400e+02 2.449703488943910656e-03
1.649625366927538028e+00 1.238377872477171195e+03 8.991195554465525674e+01 2.450041525507762330e-03
1.654525761224458824e+00 1.428889776295173306e+03 9.358707209000431249e+01 2.450352771413477626e-03
1.659426770341962953e+00 1.173182663557465276e+03 9.676860782597918842e+01 2.450656346090651638e-03
1.664328379993665230e+00 1.456421743740304919e+03 9.044706478542161676e+01 2.450953305611625055e-03
1.669230594285234570e+00 1.333722776171340001e+03 8.574369973991656479e+01 2.451260985957715022e-03
1.673643051562184736e+00 1.473299123506321166e+03 1.031747579046418650e+02 1.961196290992450741e-03
1.678055991199234986e+00 1.380208897188768788e+03 1.019536647394716056e+02 2.451743346057577710e-03
1.682959765307958211e+00 1.309500024411033564e+03 1.091700869695428082e+02 2.452030762665868835e-03
1.687864085462826402e+00 1.281308669283362178e+03 1.042805647659286024e+02 2.452289392202544605e-03
1.692768903582116291e+00 1.436361463755916702e+03 1.026026331853399824e+02 2.452528727087566196e-03
1.697674224794372355e+00 1.224499884303605995e+03 1.067282629415681185e+02 2.452792485168719949e-03
1.702580049919220739e+00 1.321278716191428657e+03 1.036241966281979785e+02 2.453032639679886273e-03
1.707486348638527884e+00 1.097088464579379206e+03 1.038477714908244707e+02 2.453266079627258733e-03
1.712393107977606910e+00 1.483873576670081547e+03 1.037155029183340957e+02 2.453493259451766662e-03
1.717300320269036451e+00 1.482500831106081932e+03 9.205518286314736542e+01 2.453719031977774634e-03
1.722207980972630503e+00 1.580393901042230027e+03 9.888065895652152903e+01 2.453941671615833542e-03
1.727116057983073993e+00 1.352384566921737587e+03 1.072905005425673153e+02 2.454135338827434509e-03
1.732024548649294005e+00 1.399442664506722849e+03 1.078393779375114718e+02 2.454355327392798714e-03
1.736933445086352057e+00 1.465836043258578229e+03 1.168570065347400941e+02 2.454541109665031584e-03
1.741842719241704307e+00 1.488641121240932080e+03 1.054488382679796814e+02 2.454733045686774418e-03
1.746752373623488674e+00 1.511106162852583566e+03 9.956454192476053322e+01 2.454921336097592999e-03
1.751171352871986553e+00 1.438394489667893367e+03 1.131639974645361235e+02 1.964057912400285488e-03
1.755590649557962291e+00 1.537939967116079515e+03 1.053467182361032428e+02 2.455238773575674216e-03
1.760501294161455066e+00 1.563480575491149011e+03 9.928405245537192059e+01 2.455405829917101102e-03
1.765412273028079237e+00 1.561959844544267526e+03 1.012871226271004161e+02 2.455573036707514589e-03
1.770323569615837700e+00 1.542442839770841147e+03 9.997168196406437346e+01 2.455723551050947862e-03
1.775235181419121178e+00 1.715442121615496035e+03 1.118221579816756730e+02 2.455888252232973912e-03
1.780147089737959876e+00 1.458119557674488988e+03 1.011917050477218254e+02 2.456020066605946184e-03
1.785059276492436009e+00 1.595472249202853618e+03 1.048074944358813809e+02 2.456166687869965060e-03
1.789971749886634100e+00 1.546164047471744652e+03 1.029787134501857508e+02 2.456306706327904266e-03
1.794884491820094352e+00 1.453569144918156098e+03 1.192472752898111139e+02 2.456435227132347521e-03
1.799797495045667883e+00 1.488184133696180425e+03 1.176133782354906998e+02 2.456567998440961631e-03
1.804710745437937636e+00 1.491512051365967636e+03 1.180112335012670428e+02 2.456682393828568678e-03
1.809624234486329142e+00 1.484322623655170219e+03 1.228860566912624108e+02 2.456806654562715408e-03
1.814537948813713664e+00 1.723246774103122789e+03 1.166812698121182166e+02 2.456907672821584399e-03
1.819451879835730423e+00 1.467033428477995813e+03 1.266145460279437884e+02 2.457023349195175399e-03
1.823874607345555621e+00 1.619678888931419351e+03 1.254725624959062316e+02 1.965704160630243891e-03
1.828297516960472935e+00 1.577021385218909700e+03 1.207025475819093572e+02 2.457205454286848223e-03
1.833212023237913879e+00 1.322463017183953070e+03 1.205933804566980143e+02 2.457300823154318081e-03
1.838126728192481130e+00 1.651061492837832930e+03 1.245668592085560249e+02 2.457404131413154502e-03
1.843041615809241085e+00 1.763714756627995939e+03 1.298900150753993330e+02 2.457483485346578789e-03
1.847956661215125695e+00 1.715996483387493299e+03 1.207111392464521487e+02 2.457561920538031686e-03
1.852871879656530885e+00 1.675406581720490294e+03 1.226739462609061775e+02 2.457656520866935423e-03
1.857787261098725384e+00 1.650300247311396106e+03 1.221804298860779454e+02 2.457724921327564260e-03
1.862702779853024904e+00 1.429489840307981012e+03 1.389889128301142591e+02 2.457793832971955084e-03
1.867618446233725971e+00 1.501025078191897592e+03 1.288575971666723490e+02 2.457872547729333945e-03
1.872534255815035076e+00 2.102136056607406772e+03 1.278046327830663813e+02 2.457937033579549180e-03
1.877450191040893168e+00 1.884803536339029279e+03 1.361101136785705421e+02 2.457998192278765259e-03
1.882366245130721705e+00 1.578591796225495955e+03 1.302872175353541024e+02 2.458055897549771274e-03
1.887282411954164685e+00 1.548622728769197238e+03 1.374473304490388728e+02 2.458110925893430831e-03
1.891707045849595481e+00 1.996285443372217287e+03 1.328265977092833054e+02 1.966522969537143339e-03
1.896131770929609495e+00 1.591874782322757483e+03 1.367583202522055217e+02 2.458202110476648272e-03
1.901048240888697727e+00 1.757797529166184177e+03 1.182326832030501009e+02 2.458267848611361828e-03
1.905964801290043198e+00 1.536753995922494369e+03 1.334881604688036987e+02 2.458292552733665204e-03
1.910881438459801851e+00 1.606709259369416941e+03 1.318371937981121391e+02 2.458344617024987855e-03
1.915798163382762986e+00 1.749825171887661782e+03 1.166182542768376607e+02 2.458380305936369581e-03
1.920714971034066965e+00 2.017761795910769479e+03 1.243684892895153098e+02 2.458427345367164563e-03
1.925631840338305256e+00 1.509767362744644970e+03 1.382901586537163894e+02 2.458441958870904998e-03
1.930548774784666355e+00 1.823729452518118478e+03 1.432923925466923265e+02 2.458492487489971623e-03
1.935465789026684869e+00 1.761354836225772033e+03 1.416660749189750277e+02 2.458521754528320002e-03
1.940382859781773384e+00 1.816295207587867253e+03 1.514891747301126088e+02 2.458549000560195097e-03
1.945299983026437918e+00 1.993425647732891321e+03 1.406176726644289374e+02 2.458574244104116957e-03
1.950217154847110335e+00 1.728229245478642270e+03 1.470354491717196197e+02 2.458597576568299914e-03
1.955134371555145245e+00 1.766867517728183657e+03 1.356664841005315338e+02 2.458619131466610597e-03
1.959559900412477962e+00 1.816518403338073767e+03 1.709833011875766715e+02 1.966909725866328174e-03
1.963985483050392222e+00 1.847849306723365771e+03 1.397701876375435859e+02 2.458672912048154302e-03
1.968902826870472911e+00 1.982050657988743751e+03 1.431216330466088493e+02 2.458670908032090097e-03
1.973820184371040787e+00 1.564852807169171683e+03 1.501851190201127793e+02 2.458686592535785920e-03
1.978737591027547094e+00 2.087262968186560556e+03 1.297362716933037063e+02 2.458720063970298852e-03
1.983655033451467320e+00 1.907946668413680982e+03 1.500609101527643361e+02 2.458722359949927494e-03
1.988572492883483589e+00 2.065740327946230536e+03 1.460855091879607244e+02 2.458737072066563556e-03
1.993489986293590865e+00 2.221627536105978834e+03 1.344945522703537790e+02 2.458756338040490874e-03
1.998407509113099945e+00 1.643688640386462566e+03 1.417563204250327544e+02 2.458766481468810383e-03
2.003325051405227430e+00 1.980993784044248059e+03 1.441702134078645940e+02 2.458775810658675454e-03
2.008242598306576809e+00 1.846957035076902912e+03 1.564197702304288669e+02 2.458771090690703431e-03
2.013160162040454448e+00 1.903721347132792062e+03 1.541613729732900993e+02 2.458792643186935578e-03
2.018077767138926948e+00 1.845786590327430986e+03 1.553110684399191541e+02 2.458812455286008003e-03
2.022995385624608122e+00 1.901143260981477852e+03 1.471004103566165213e+02 2.458806030395166431e-03
2.027421245323112409e+00 1.913685908987962648e+03 1.785694007284882900e+02 1.967053668109119968e-03
2.031847119472489638e+00 1.935880727947467676e+03 1.458134785639899746e+02 2.458820481267665059e-03
2.036764773638156889e+00 1.906373163087832154e+03 1.457900773514888897e+02 2.458833684399586161e-03
2.041682447247389121e+00 1.823159023057324021e+03 1.586823493543768109e+02 2.458839924832645352e-03
2.046600126947793807e+00 1.786316273334708058e+03 1.481860414433324422e+02 2.458839775572485564e-03
2.051517829214188016e+00 1.843973910704235550e+03 1.595676524720006455e+02 2.458862490821278612e-03
2.056435543733078575e+00 1.557552752418191176e+03 1.716493920716484354e+02 2.458852028068836404e-03
2.061353272812513016e+00 2.210999721838471487e+03 1.372656088569683561e+02 2.458877051365160327e-03
2.066271034589729272e+00 2.045229702838587173e+03 1.504852410509322453e+02 2.458884725851984143e-03
2.071188799080313281e+00 1.811817447161612336e+03 1.772433013780412239e+02 2.458879764732024853e-03
2.076106574252186032e+00 1.814549501472166412e+03 1.694642599631799840e+02 2.458895407140726519e-03
2.081024380601553148e+00 1.969021979364187473e+03 1.663036781758644338e+02 2.458910942226832930e-03
2.085942211127857160e+00 1.989409818957330572e+03 1.519131688165045944e+02 2.458919584077179366e-03
2.090860062728351565e+00 1.912677344613118748e+03 1.638087908692712062e+02 2.458932016416781607e-03
2.095286148643554114e+00 1.702739977502817510e+03 1.940071427626035074e+02 1.967153898785323207e-03
2.099712266131769312e+00 1.644197813695224795e+03 1.768929829922894896e+02 2.458963589429430385e-03
2.104630199603686247e+00 1.891400338839172946e+03 1.796712285649434762e+02 2.458969882487505032e-03
2.109548155254063140e+00 1.846611443607431283e+03 1.710210429245855721e+02 2.458985767888943741e-03
2.114466151045777398e+00 1.697846655445846864e+03 1.666469849553557196e+02 2.459010023825758395e-03
2.119384181210363760e+00 2.062496705830115843e+03 1.642234465320934760e+02 2.459020140761047912e-03
2.124302255781340687e+00 1.732811193023077067e+03 1.859732055474473782e+02 2.459054430216323084e-03
2.129220378414860448e+00 1.882003176257392170e+03 1.881231919695721899e+02 2.459068203303438338e-03
2.134138533305335983e+00 1.917716481057849705e+03 1.804797160787366010e+02 2.459086687172096219e-03
2.139056743864308441e+00 1.643858888592667881e+03 1.836100916260056692e+02 2.459123871800361627e-03
2.143975015851297350e+00 2.010528224262970753e+03 1.839417688391013144e+02 2.459148115188991568e-03
2.148893342179988064e+00 1.876934835939661070e+03 1.699602275964909950e+02 2.459178213501278520e-03
2.153811740077213432e+00 1.639574980138408819e+03 1.911354046744081643e+02 2.459219683724089833e-03
2.158730205433659677e+00 2.020615384964049554e+03 1.889516564400269090e+02 2.459245672722154552e-03
2.163156872548913423e+00 1.904522291721208603e+03 2.220026862467243518e+02 1.967421442531591680e-03
2.167583613558250022e+00 1.769832159680620180e+03 1.956176792200274122e+02 2.459319566805895363e-03
2.172502288188379538e+00 1.817777428971148083e+03 1.882084222038240569e+02 2.459355063323620527e-03
2.177421037486462208e+00 1.743946009205711334e+03 1.845148831084779886e+02 2.459394234758160991e-03
2.182339883640636025e+00 1.741757851917441258e+03 1.839398255421531303e+02 2.459451919414767929e-03
2.187258837328599714e+00 1.851095540903804704e+03 1.849027849746219090e+02 2.459501768549365863e-03
2.192177893331984873e+00 1.850647785015216186e+03 1.887608783735583984e+02 2.459554234835792386e-03
2.197097050247227124e+00 2.000395334565939493e+03 2.082451386485697640e+02 2.459602680406902664e-03
2.202016319936786370e+00 2.020263832076484050e+03 1.944197604934036008e+02 2.459667009152344264e-03
2.206935715882181626e+00 1.711417782944006149e+03 1.969107148224366028e+02 2.459728936242466801e-03
2.211855239023936548e+00 1.959001862151355226e+03 2.057627114688716574e+02 2.459794205512011445e-03
2.216774896144311224e+00 2.054843838694883743e+03 1.989663992479822809e+02 2.459862914863109040e-03
2.221694694221378885e+00 2.088764762541093205e+03 2.016240476578016114e+02 2.459935162204107684e-03
2.226122634307510673e+00 2.192977563713846394e+03 2.035023763135625359e+02 1.968004923928123873e-03
2.230550712440444006e+00 1.818765921271162824e+03 2.182418868549916624e+02 2.460073209005653183e-03
2.235470941053647742e+00 1.741130829452625676e+03 2.098735416653948960e+02 2.460155404197639228e-03
2.240391351946698695e+00 2.008910042500576083e+03 1.851665970832314088e+02 2.460255488852425287e-03
2.245311940851384414e+00 2.059883213230188630e+03 1.912115651664942106e+02 2.460333415833293458e-03
2.250232707701593338e+00 2.166899644551085203e+03 1.954375133533474127e+02 2.460433434375630668e-03
2.255153667885341662e+00 1.945438167423395953e+03 2.108151568698158371e+02 2.460526749373137534e-03
2.260074824901876944e+00 2.344234536303043569e+03 2.100291434719306380e+02 2.460630267162589035e-03
2.264996202875955600e+00 1.715675411768991580e+03 2.087248727708351907e+02 2.460747706915178412e-03
2.269917807886547845e+00 2.346632623890373907e+03 2.223598927106063456e+02 2.460857303677510544e-03
2.274839632751067597e+00 1.841168870944232822e+03 2.126635674321055376e+02 2.460967560842686197e-03
2.279761695349498130e+00 2.355946728675256963e+03 2.142359477391305518e+02 2.461095037587845979e-03
2.284684012295966404e+00 1.833508806393065697e+03 2.262720324380261445e+02 2.461221908879984710e-03
2.289606579289452437e+00 2.253015543607451491e+03 1.925066196954126099e+02 2.461345084605603972e-03
2.294037107206990278e+00 2.279537754905020847e+03 2.361290076651696381e+02 1.969182832931792859e-03
2.298467894354718766e+00 2.026222777954754747e+03 2.094454588063526899e+02 2.461604314796694837e-03
2.303391242784798454e+00 1.989813656784043360e+03 2.116333442408963492e+02 2.461744115282993306e-03
2.308314888252125829e+00 2.111878790802853473e+03 2.276094436825298999e+02 2.461901352043938118e-03
2.313238839991344609e+00 1.961514995180004917e+03 2.205560114186673673e+02 2.462050387174397059e-03
2.318163107858945082e+00 1.691961663868247797e+03 2.276812799437286685e+02 2.462217480425632488e-03
2.323087704584255508e+00 2.212275241350168926e+03 2.229165531324074436e+02 2.462379244883905471e-03
2.328012647787285339e+00 1.862162101766544538e+03 2.206026526115506385e+02 2.462563958145924659e-03
2.332937936600062656e+00 2.052355411674098832e+03 2.369492261686020811e+02 2.462724854631836990e-03
2.337863586561442553e+00 2.148237012439863975e+03 2.184442007678837854e+02 2.462925106748059534e-03
2.342789628373751043e+00 1.913243661336976629e+03 2.279259619153194762e+02 2.463116705560874919e-03
2.347716048869853633e+00 2.410927172728427649e+03 2.411857064919108780e+02 2.463303790541271354e-03
2.352150144709679758e+00 2.019163799467844001e+03 2.556954702535888373e+02 1.970792049283964786e-03
2.356584608965305083e+00 1.762559779192547012e+03 2.276980525405294884e+02 2.463672206340916659e-03
2.361512175244461886e+00 2.135134929966273830e+03 2.184502402259909104e+02 2.463894072815442371e-03
2.366440184535011593e+00 2.347221746654698109e+03 2.398966738726658150e+02 2.464115217734708096e-03
2.371368641869838534e+00 2.347414511547934126e+03 2.299866330639947591e+02 2.464342117092233053e-03
2.376297553663104800e+00 2.104370285586844602e+03 2.225155652840787752e+02 2.464569676174033219e-03
2.381226938797788684e+00 2.070862086067509608e+03 2.412027787739257292e+02 2.464815458510294377e-03
2.386156816293629745e+00 2.059438426515974697e+03 2.426739678104445375e+02 2.465062037330767453e-03
2.391087193994096527e+00 1.997981535391379111e+03 2.425005456716414756e+02 2.465315663136458113e-03
2.396018094793921804e+00 2.109957481570335403e+03 2.319353429142227014e+02 2.465585136688375201e-03
2.400949525297582099e+00 2.462257807399628746e+03 2.470431312792393328e+02 2.465845366971919361e-03
2.405881491101509617e+00 2.337656680328105267e+03 2.416083521881741945e+02 2.466120436955154815e-03
2.410320707018108966e+00 2.024838868351361270e+03 2.736186354104402199e+02 1.973095479643305339e-03
2.414760446407310912e+00 2.177905377803232113e+03 2.500062908004788369e+02 2.466643909559529391e-03
2.419694029468492324e+00 2.688653638890914408e+03 2.718787327276431824e+02 2.466939151622327131e-03
2.424628201849525766e+00 2.219259825050226482e+03 2.473270174017484351e+02 2.467233229411114337e-03
2.429562980127566441e+00 2.347423582537626771e+03 2.704768081164220348e+02 2.467545048629116167e-03
2.434498406766839373e+00 2.798383474260734147e+03 2.563504399720823130e+02 2.467881590644260825e-03
2.439434479046270532e+00 2.169796944221117428e+03 2.372944196330793147e+02 2.468190688787785803e-03
2.444371214396614977e+00 2.613644021322388653e+03 2.443501163592245575e+02 2.468544661556659747e-03
2.449308627378021797e+00 2.148347510593905099e+03 2.644650752961888429e+02 2.468868319849715220e-03
2.454246734199909241e+00 2.659157018619398968e+03 2.642623436366452552e+02 2.469238502037729432e-03
2.459185563378238015e+00 2.728568807528865818e+03 2.680361961557882751e+02 2.469590676291044673e-03
2.463631084530569559e+00 2.227448093862367386e+03 3.054681037968412056e+02 1.975930476041387607e-03
2.468077281036997306e+00 2.321207707230361393e+03 2.803065180361222701e+02 2.470266030385470657e-03
2.473018196683185010e+00 2.084773722068437564e+03 2.949459447709937194e+02 2.470649615802233967e-03
2.477959887583434107e+00 2.831949909924095664e+03 2.614145106670380301e+02 2.471041284446418018e-03
2.482902370570626349e+00 1.953526296439315502e+03 2.723206948106499112e+02 2.471441702745824642e-03
2.487845663242626681e+00 2.302712002349586783e+03 2.559399440677659641e+02 2.471850969254507646e-03
2.492789783394425474e+00 2.696569398859264766e+03 2.643864645592771012e+02 2.472269182543840316e-03
2.497734749018163836e+00 2.434650709629259836e+03 2.685680973896583055e+02 2.472696441195409989e-03
2.502680578303168701e+00 2.404883009385997866e+03 3.045756125608641014e+02 2.473132843810343928e-03
2.507627289635978585e+00 2.338175795062314137e+03 2.933241319848873445e+02 2.473578489000427538e-03
2.512080058054690923e+00 2.609532551675269588e+03 3.126220001674964806e+02 1.979189929711466789e-03
2.516533652240865226e+00 2.966454189462277554e+03 2.954652107559136311e+02 2.474404256461948393e-03
2.521482952428172108e+00 2.355527870341894413e+03 2.969130037179238570e+02 2.474895930845377734e-03
2.526433207327358321e+00 2.368469300861752345e+03 2.873385827471770426e+02 2.475358968340835020e-03
2.531384416666105697e+00 2.081174395277451367e+03 3.108594585133271266e+02 2.475850370406984524e-03
2.536336637855487464e+00 2.262552114486012215e+03 2.826670472187013274e+02 2.476370818975226484e-03
2.541289872236820013e+00 2.639461441713075601e+03 2.759301654258183589e+02 2.476863562357767279e-03
2.546244138054555073e+00 2.461131719861251895e+03 3.116532631404284075e+02 2.477402255376848217e-03
2.551199462735501022e+00 2.243062246325166598e+03 2.928722379163903042e+02 2.477922425568213072e-03
2.556155853665932121e+00 3.229573732753459353e+03 3.046749209574813904e+02 2.478468504862441080e-03
2.560617503455266064e+00 2.532604722735412906e+03 3.435056468550592399e+02 1.983181284471058348e-03
2.565080142223337134e+00 2.329647387534166228e+03 3.090681859694882405e+02 2.479457483599567524e-03
2.570039647724393195e+00 1.655967033447662971e+03 3.159391807699082619e+02 2.480048017456049081e-03
2.575000324924218820e+00 2.338465517830578847e+03 3.232045828839600290e+02 2.480629182369575858e-03
2.579962175134483893e+00 2.130169715309368712e+03 3.127557001289796972e+02 2.481221027895941234e-03
2.584925218484258380e+00 2.739699711886833938e+03 3.359237233203266442e+02 2.481822321878102144e-03
2.589889469596345251e+00 2.428810106316297151e+03 3.070726286852145677e+02 2.482428790208768277e-03
2.594854960130259514e+00 2.259752345815840272e+03 3.225503580278411846e+02 2.483061743705494706e-03
2.599324922400273685e+00 2.833202767693485839e+03 3.083194234657598827e+02 1.986900526308676973e-03
2.603796036593771568e+00 2.192341778046199124e+03 3.487024773008579359e+02 2.484213667189205665e-03
2.608765119665243049e+00 2.962959511322787876e+03 3.071116990542841449e+02 2.484869404282274985e-03
2.613735525561803108e+00 2.775442571180572031e+03 3.360546739642541070e+02 2.485536492277340415e-03
2.618707277083778262e+00 2.040867012564040124e+03 3.443131173027049954e+02 2.486215029697369516e-03
2.623680397228521421e+00 2.627250348680721800e+03 3.704921183371316147e+02 2.486905115046234016e-03
2.628654909190377253e+00 2.900217756160700901e+03 3.335786003184944093e+02 2.487606846809153893e-03
2.633630836360631999e+00 2.563369856142540357e+03 3.078616898522541305e+02 2.488320323445591953e-03
2.638110338467529736e+00 2.962663173056544565e+03 3.825683483174939283e+02 1.991181783451256848e-03
2.642591154744793336e+00 2.663758395336190461e+03 3.347146028619717981e+02 2.489634493812342697e-03
2.647571170618293834e+00 3.385270447863478239e+03 3.065822727495506115e+02 2.490381379688599850e-03
2.652552692382307065e+00 2.048734341802566632e+03 3.285275306938310678e+02 2.491140384324630475e-03
2.657535744372660602e+00 2.952214594369398583e+03 3.275417360579272099e+02 2.491911606028907045e-03
2.662520351121759443e+00 2.096533937121462714e+03 3.345728024878530960e+02 2.492695143069489916e-03
2.667506537477224882e+00 2.420956632202213768e+03 3.388472503675161533e+02 2.493491212395948509e-03
2.671995407254502464e+00 2.567371454201487722e+03 3.908149881214390007e+02 1.995378564882077654e-03
2.676485741591467349e+00 2.242077279372143039e+03 3.554768167127679135e+02 2.494955772083251588e-03
2.681476484321479781e+00 2.613965727408525709e+03 3.459405534435099980e+02 2.495786957928736172e-03
2.686468902206223142e+00 2.587194975320800040e+03 3.811926568818958003e+02 2.496630926815068818e-03
2.691463020909643955e+00 2.893114478738699290e+03 3.432236476602265611e+02 2.497487776606188703e-03
2.696458855008726729e+00 1.823999266098836415e+03 3.391637301534251492e+02 2.498346322476585613e-03
2.701456441839154898e+00 2.154528489707714925e+03 3.851008975010952327e+02 2.499240507951139278e-03
2.705955715047161814e+00 2.697565740626756906e+03 3.945863507348572057e+02 2.000032700055331958e-03
2.710456610744612416e+00 1.958555534077381253e+03 3.976720932815167089e+02 2.500862997395270071e-03
2.715459256777433161e+00 3.332536650374586316e+03 3.716004081634355316e+02 2.501783035425475532e-03
2.720463745148761436e+00 2.389696944910858292e+03 3.750138582886499989e+02 2.502705335902799533e-03
2.725470106078149435e+00 2.392238534505132520e+03 3.825101020753425018e+02 2.503655593485198949e-03
2.730478385579683476e+00 2.671825028958143321e+03 4.084842487476839779e+02 2.504623908048841940e-03
2.734987413662537836e+00 3.348699777247436487e+03 4.075273524383019321e+02 2.004404174805518579e-03
2.739498195076051967e+00 2.610688648861634647e+03 3.913646085289133225e+02 2.506377238708612509e-03
2.744511951307130104e+00 1.642786269339232604e+03 4.262192245684179852e+02 2.507378992368636261e-03
2.749527731834453537e+00 2.282071729704269273e+03 4.413188437137039273e+02 2.508401534955240209e-03
2.754545562508142975e+00 3.024266656672156842e+03 4.204780707316149346e+02 2.509429138734642351e-03
2.759565462597464158e+00 3.051812657673842750e+03 4.250812074032451164e+02 2.510470950586540795e-03
2.764085073256991709e+00 3.098677614685440403e+03 4.622161695518525448e+02 2.009139708940566038e-03
2.768606595118826785e+00 2.960710816512494603e+03 4.163859878851326357e+02 2.512382152894510057e-03
2.773632442544694765e+00 3.596274896419210563e+03 4.322824593731475034e+02 2.513465272974357845e-03
2.778660468932391936e+00 2.721992479930286663e+03 4.302804769981212303e+02 2.514561114723257162e-03
2.783690712644687704e+00 3.261464341265126222e+03 4.430268351029176301e+02 2.515682597572954649e-03
2.788723203242395421e+00 3.236944083605225387e+03 4.415195465019805852e+02 2.516808000135650758e-03
2.793254285119575187e+00 2.518357639991219003e+03 5.173521382821859333e+02 2.014273877044558958e-03
2.797787431375433620e+00 2.134535160463434295e+03 4.305043001003655263e+02 2.518872378813874491e-03
2.802826364737344367e+00 3.180494083786747069e+03 4.523977970458699929e+02 2.520060983096872320e-03
2.807867667519460930e+00 3.086399466120902616e+03 4.731114642687925880e+02 2.521241799020579322e-03
2.812911352753473704e+00 2.548892584366988103e+03 4.646686850842479544e+02 2.522443434992638345e-03
2.817452631544107078e+00 2.773347446436713199e+03 5.154533001597274051e+02 2.018835355641179774e-03
2.821996124190901067e+00 2.858422086043272429e+03 4.743122050577812843e+02 2.524657291152809790e-03
2.827046690140669671e+00 2.417532094172545840e+03 4.895649172338303288e+02 2.525908658615794167e-03
