# wavelength [um]         Fp/Fs [ppm]              Fp/Fs error [ppm]        half-bin width [um]
8.543200632359985169e-01 9.312883715199185417e+02 5.387234937048693837e+02 2.207813544452874588e-03
8.591812501651039380e-01 4.540163017112495254e+02 8.236310528677751108e+01 2.653373384652435441e-03
8.640490705741382671e-01 4.698241741584486135e+02 8.171088839230901613e+01 2.214447024381782647e-03
8.689247480901404197e-01 5.242648382925448232e+02 8.064525366672165774e+01 2.661230491620369953e-03
8.738069231786239621e-01 5.809614732665359043e+02 7.576737737209361967e+01 2.220944596863172471e-03
8.786968624033675290e-01 6.596081598272281781e+02 7.370148781358864198e+01 2.668994627880505455e-03
8.835931834345059910e-01 5.677497414002532423e+02 7.383653741995181008e+01 2.227326403258067522e-03
8.884970909790987914e-01 5.991317462182008740e+02 7.148362037216884346e+01 2.676581141334510860e-03
8.934072681951463757e-01 5.612738986359929640e+02 7.616749066741141405e+01 2.233596074713073421e-03
8.983249054457047578e-01 3.969588187039766467e+02 6.889862425043128269e+01 2.684041175845308658e-03
9.032487163935836172e-01 5.261254598098730639e+02 7.848352365515813744e+01 2.239769772033550765e-03
9.077310109385223758e-01 4.152080112641823462e+02 7.425112169741413481e+01 2.242524772904985753e-03
9.126681861804001317e-01 5.014175781790626729e+02 7.126815254291261681e+01 2.694650468972881185e-03
9.176113480556596924e-01 6.444620709561138483e+02 6.821273948492114414e+01 2.248511406286790582e-03
9.225616370824157864e-01 6.163411968221280404e+02 6.458542489516435126e+01 2.701777620469192343e-03
9.275178143411906273e-01 5.373543567265342062e+02 6.863593878668183379e+01 2.254399638305648601e-03
9.320292592139289845e-01 5.177843084651980234e+02 5.747313378798315853e+01 2.257045234432819569e-03
9.369981933181843470e-01 4.565221789274099251e+02 7.030442740969414217e+01 2.711888869822653980e-03
9.419728449996063180e-01 5.454305551426277816e+02 7.213122237999368735e+01 2.262762811599317025e-03
9.465009286985607284e-01 6.225194557554957555e+02 7.312699702003590119e+01 2.265320887355204427e-03
9.514879933066463513e-01 5.372343824476539567e+02 6.078500884255657866e+01 2.721743720730307459e-03
9.564806150897283699e-01 5.351282885510913729e+02 6.714534094869583214e+01 2.270878062351600057e-03
9.610248753293604285e-01 6.762016365250339049e+02 6.123849741110188916e+01 2.273382177280347527e-03
9.660295624192337671e-01 5.684405534183599684e+02 5.933433904751160526e+01 2.731304912593213174e-03
9.710396524990890788e-01 6.438260236549201636e+02 6.305638904942145473e+01 2.278785167261876410e-03
9.755996340921850862e-01 6.448493838177591897e+02 6.702163958899484442e+01 2.281196425834020047e-03
9.806214314336653137e-01 5.801433961108053836e+02 6.147915980069876696e+01 2.740600915646318469e-03
9.856484774603375687e-01 7.112523178260614714e+02 6.130868131138493027e+01 2.286445111026047528e-03
9.902237202691681617e-01 -2.724715810223758581e+02 3.015515022306504989e+02 2.288797697804656472e-03
9.948036567190751134e-01 7.521751855100097828e+02 6.112449728839123964e+01 2.291138752102184206e-03
9.998471753861895017e-01 7.734392330532249389e+02 5.491748839461104126e+01 2.752379915012315159e-03
1.004895739906094931e+00 7.347644178016247452e+02 6.468510348443180646e+01 2.296184604893225512e-03
1.009490351091684168e+00 6.129642807145189636e+02 7.054947327455602135e+01 2.298426580696233401e-03
1.014549857640717256e+00 1.031252080945048192e+03 1.359489497936833686e+02 2.761079968336854762e-03
1.019614266461341900e+00 6.520257077016599396e+02 6.796406262147718280e+01 2.303328852288011319e-03
1.024223110821606220e+00 3.923726910685140865e+02 2.283417466784518410e+02 2.305515507976307887e-03
1.028836329286371365e+00 6.290531066006185483e+02 6.448318112644335542e+01 2.307702956788615367e-03
1.033916095775793353e+00 7.306136186804901627e+02 5.836520788485222511e+01 2.772063532633151084e-03
1.039000572023538016e+00 7.155481655291278003e+02 5.577277168884711500e+01 2.312412715111511474e-03
1.043627472404563328e+00 8.376215504307544961e+02 5.769236368182714614e+01 2.314487665913356196e-03
1.048258554449214230e+00 7.256626477658496697e+02 5.881341960630550147e+01 2.316594378737546478e-03
1.052893807467491838e+00 7.464437996430801832e+02 7.851517582166093234e+01 2.318658639540061017e-03
1.057997531813409386e+00 6.567457287514773725e+02 1.851608480439205096e+02 2.785065706377709560e-03
1.063105724935427210e+00 6.523501070946372238e+02 6.124293902852707561e+01 2.323127415640557913e-03
1.067753978411806193e+00 7.336972577888104752e+02 6.292409238869447563e+01 2.325126060738202938e-03
1.072406207212634355e+00 6.772781674127224960e+02 6.179137959229296939e+01 2.327102740089959099e-03
1.077528423398386392e+00 7.264828167732092652e+02 5.801003741030092442e+01 2.795113445662300578e-03
1.082654926306637178e+00 6.757987542070429754e+02 5.503114007887518255e+01 2.331389462588484562e-03
1.087319605514537324e+00 9.157025266978499758e+02 5.661643804375762556e+01 2.333289745311883934e-03
1.091988113854361897e+00 9.281926339311385163e+02 6.048869915363979999e+01 2.335218594512689094e-03
1.096660402953536062e+00 8.155628371674220034e+02 5.641077365377270780e+01 2.337070504661253878e-03
1.101336405670705121e+00 8.173281426751033223e+02 6.125668371708695759e+01 2.338932212508249009e-03
1.106484503810384989e+00 8.118317362131990649e+02 5.876976588213415198e+01 2.809165927171619614e-03
1.111636634957905212e+00 8.112256720518793145e+02 5.628542612317141902e+01 2.342965220348824928e-03
1.116324354121987605e+00 8.232524672468280187e+02 6.057969582061468827e+01 2.344753943733790535e-03
1.121015645672714500e+00 8.183980153556791493e+02 5.866881811062171437e+01 2.346537606992660230e-03
1.125710483100045067e+00 8.177960390471080245e+02 5.702455228645033003e+01 2.348299820337684807e-03
1.130408806275852607e+00 8.127085637558834605e+02 5.897471214756990321e+01 2.350023355469632591e-03
1.135581159148394415e+00 9.233940415088214877e+02 1.931039939128801279e+02 2.822329517072175165e-03
1.140757298910773931e+00 2.504082640258722563e+02 4.518478104468335914e+02 2.353810245307563775e-03
1.145466575323962344e+00 7.180545135735172835e+02 6.164395497884856923e+01 2.355466167880848616e-03
1.150179205825012207e+00 7.896688172587237204e+02 5.834826071297436556e+01 2.357164333169015080e-03
1.154895167418988899e+00 9.294464052324600516e+02 2.035791235743248535e+02 2.358797260808120910e-03
1.159614388991352829e+00 8.734855488393711767e+02 5.911370606142997985e+01 2.360424311556030830e-03
1.164336849341247149e+00 9.682761963100806497e+02 6.319385306323317764e+01 2.362036038338510835e-03
1.169535424405363733e+00 9.441454524978023528e+02 4.810348599038900375e+01 2.836539025777629064e-03
1.174737480888732533e+00 8.828779257045990789e+02 5.810187699965058528e+01 2.365517457590948780e-03
1.179470063300246174e+00 8.433695455307108659e+02 6.156218381385428984e+01 2.367064953922470849e-03
1.184205733637998526e+00 6.234645884347148694e+02 2.313808329224270892e+02 2.368605383829880395e-03
1.188944468526255127e+00 8.560412096816095300e+02 5.717302996490127498e+01 2.370129504426721212e-03
1.193686225468526541e+00 9.526243165543756959e+02 6.193792380014235732e+01 2.371627437844248121e-03
1.198430951454127813e+00 8.816335015565164213e+02 5.928619199143406604e+01 2.373098547756580246e-03
1.203178631132278076e+00 8.413064032955483071e+02 6.763112027222211964e+01 2.374581130393904616e-03
1.207929242828853500e+00 1.002198706336755436e+03 6.265508503521232342e+01 2.376030566181519532e-03
1.213158402447101158e+00 8.172881931087365501e+02 5.277217513611412869e+01 2.853129052066138982e-03
1.218390681492206085e+00 9.064344250049197171e+02 6.235190782852703251e+01 2.379149993038343069e-03
1.223150396215613389e+00 9.007552588543157981e+02 5.638782035172710039e+01 2.380564730368739390e-03
1.227912903255028221e+00 1.019566580863801505e+03 6.493164890957200441e+01 2.381942309046092277e-03
1.232678148908179949e+00 8.848818237418070112e+02 6.265257724243724624e+01 2.383303344105636157e-03
1.237446087262324079e+00 1.016856708069185061e+03 6.017657941272170774e+01 2.384635010038493874e-03
1.242216716136880672e+00 9.678892647060183663e+02 2.653468405356927633e+02 2.385993864518543006e-03
1.246989998668999178e+00 8.247067573033181134e+02 1.770108847026705234e+02 2.387288667599740677e-03
1.251765890601570286e+00 8.204705994655196264e+02 5.920434990365095018e+01 2.388603264971589368e-03
1.256544371138602401e+00 9.599524464847731906e+02 8.816164343292632566e+01 2.389877272060525470e-03
1.261325395768515545e+00 9.383016107198602640e+02 6.411931512661726629e+01 2.391147357852618782e-03
1.266108938318707189e+00 -1.110510929098204997e+03 2.667549987027898624e+02 2.392395192339025201e-03
1.271373846933152141e+00 1.166096824141061916e+03 1.979750105041380266e+02 2.872513422105704706e-03
1.276641462944954508e+00 9.306368798135943052e+02 6.547015823846777494e+01 2.395102589696440631e-03
1.281432864653953452e+00 1.114551467327345335e+03 6.328771492448663594e+01 2.396299119302502945e-03
1.286226641121890335e+00 9.929726049773539671e+02 6.141723463635537428e+01 2.397477348634380334e-03
1.291022789773867974e+00 1.075518659253436681e+03 6.571661661871917204e+01 2.398671303343258288e-03
1.295821276256580390e+00 1.086869651718635851e+03 5.990569345942571999e+01 2.399815179369158002e-03
1.300622049725192131e+00 8.807722025061250406e+02 6.560677556357177309e+01 2.400958289242804966e-03
1.305425084048482010e+00 9.531415781038164141e+02 6.988833625588677023e+01 2.402076034047073705e-03
1.310230364594377139e+00 9.395893165161090792e+02 6.623724330787456438e+01 2.403204511848056057e-03
1.315037867191841237e+00 9.823881956568677651e+02 6.224101311824051663e+01 2.404298085616041192e-03
1.319847539335140985e+00 5.662874401231047159e+02 2.572764793433503314e+02 2.405374057683484779e-03
1.324659362681462449e+00 1.008585559300846285e+03 6.725460271610450036e+01 2.406449288637979578e-03
1.329473309821467053e+00 1.051383644658834328e+03 6.234076595015051225e+01 2.407497851366846575e-03
1.334289341202975265e+00 1.059007560899775626e+03 2.614489140923139985e+02 2.408533530141809820e-03
1.339107433657941826e+00 1.064773439372154826e+03 7.379820099093467434e+01 2.409558924824528603e-03
1.343927573752222049e+00 1.144750459901181102e+03 6.465983498816831343e+01 2.410581169455472406e-03
1.348749723372956622e+00 1.121556074095478152e+03 7.343393817635706000e+01 2.411568451278656156e-03
1.353573850992018546e+00 1.119182361182040722e+03 7.304792619926752195e+01 2.412559167783268066e-03
1.358399929564338526e+00 1.137279507589029436e+03 7.364854200317131472e+01 2.413519404536712543e-03
1.363227930818085021e+00 1.049736556294338470e+03 6.578703145360941562e+01 2.414481849210226017e-03
1.368057829431727379e+00 1.114176479486517565e+03 6.603253942985543290e+01 2.415416764432354313e-03
1.372889602523386765e+00 1.084525878952029416e+03 7.226889132868996057e+01 2.416356327227031642e-03
1.377723223786147200e+00 9.754320826409312986e+02 2.838211134104788016e+02 2.417264935533403047e-03
1.382558649557583452e+00 1.047296703709909934e+03 6.698837199362355932e+01 2.418160835903071515e-03
1.387395869242389779e+00 1.134739942511639356e+03 7.024551443073460177e+01 2.419058848902810865e-03
1.392234861257842349e+00 1.199344360086752658e+03 6.859006376210891176e+01 2.419933166549759207e-03
1.397075585555509925e+00 1.260202454139717020e+03 6.862963867078701696e+01 2.420791131117816519e-03
1.401918029816845213e+00 1.201333954460988707e+03 6.779362751318694791e+01 2.421653130217693572e-03
1.406762151443349484e+00 1.155562675042660203e+03 7.072644221162431677e+01 2.422468496286356299e-03
1.411607922156388195e+00 1.089669883372082722e+03 7.345129236950538143e+01 2.423302216752354354e-03
1.416455337049271401e+00 1.138124311440904876e+03 7.513289959626945347e+01 2.424112676130629751e-03
1.421304366167347899e+00 1.183079851057506403e+03 7.050234314366662147e+01 2.424916441946312062e-03
1.426154984833031492e+00 1.148396029651088611e+03 6.652312136930913766e+01 2.425702223737058461e-03
1.431007160213333407e+00 1.224464136939425771e+03 7.734708917626403490e+01 2.426473156564856737e-03
1.435860865423046029e+00 1.245740985443574118e+03 7.794527782552086137e+01 2.427232053147321267e-03
1.440716079135760053e+00 1.222691391004453180e+03 7.617677403294169380e+01 2.427981659566258443e-03
1.445572784354088425e+00 1.328930068576701615e+03 6.994883708428119462e+01 2.428723558761891610e-03
1.450430950463504232e+00 1.181740438468233606e+03 7.555788232888608036e+01 2.429442550653693189e-03
1.455290548359378322e+00 1.340841622493151363e+03 2.402671566106539558e+02 2.430155345220619267e-03
1.460151574748088432e+00 1.305313398846379414e+03 8.036621712570718046e+01 2.430871043489490901e-03
1.465013998539511642e+00 1.135855534064153971e+03 8.223029742233893558e+01 2.431552747933274361e-03
1.469877774418540062e+00 1.227634643932772406e+03 8.371581792719916848e+01 2.432223131094923829e-03
1.474742901003135209e+00 1.171629270847571206e+03 8.251336446766026711e+01 2.432903453500667723e-03
1.479609357664094293e+00 1.213908764282902666e+03 8.190158233760098483e+01 2.433553207458860612e-03
1.484477095719297646e+00 1.111696147140158246e+03 7.963302162291961395e+01 2.434184847744935709e-03
1.489346114474691785e+00 1.258412454685041894e+03 8.161573631151736663e+01 2.434833907649425200e-03
1.494216401198210420e+00 1.253399413830931280e+03 8.224308364401349536e+01 2.435452815869210141e-03
1.499087914503364205e+00 1.322148567156344370e+03 8.613993304631844694e+01 2.436060489284352926e-03
1.503960650260874887e+00 1.296848649831467810e+03 8.608491207850897808e+01 2.436675268226773383e-03
1.508834570554808074e+00 1.345712871012473215e+03 7.463319101420484003e+01 2.437245025706191726e-03
1.513709652093066849e+00 1.318294991462758162e+03 8.195863843617030398e+01 2.437836512552582491e-03
1.518585889075334316e+00 1.156220985165564343e+03 9.918347195240153269e+01 2.438400469714885332e-03
1.523463243605990947e+00 1.257711229445471645e+03 8.170414029893640873e+01 2.438954060941522783e-03
1.528341696926119875e+00 1.280699111742789682e+03 8.578870495224532533e+01 2.439499259187627445e-03
1.533221247792376341e+00 1.125287380584210723e+03 9.371649953022711088e+01 2.440051607069060324e-03
1.538101861699765704e+00 1.327132449894479578e+03 8.314003284332807198e+01 2.440562300320525679e-03
1.542983508644120372e+00 1.339963069088984639e+03 7.877572474700968996e+01 2.441084644033697515e-03
1.547866186636204899e+00 1.254007882664635190e+03 8.647984737338515515e+01 2.441593348050608014e-03
1.552749874429547594e+00 1.271684490381409432e+03 8.192395399738529704e+01 2.442094445291864702e-03
1.557634538577451488e+00 1.213938870490727595e+03 8.047579030197448446e+01 2.442569702611807614e-03
1.562520162240882637e+00 1.363124371159900420e+03 8.654493621303572581e+01 2.443053960819563386e-03
1.567406745067261520e+00 1.345478317437669375e+03 2.917063629934939399e+02 2.443528865559096985e-03
1.572294244146979159e+00 1.362589284846922737e+03 8.689576008188828382e+01 2.443970214158541765e-03
1.576693729857604920e+00 1.410228255213493185e+03 9.113088555115496092e+01 1.955515496467663539e-03
1.581094024941994469e+00 1.125615922219099730e+03 9.463840635700739767e+01 2.444779587922107922e-03
1.585984021181650716e+00 1.339791024591004998e+03 9.386871746848328257e+01 2.445216651733694846e-03
1.590874870893603132e+00 1.301557704318922333e+03 8.739581076067838694e+01 2.445633060218943555e-03
1.595766554531958370e+00 1.498796550858441378e+03 8.629668500177012902e+01 2.446050578136071962e-03
1.600659059387604888e+00 1.180135323488800623e+03 9.056765593259274283e+01 2.446454277510445863e-03
1.605552367854037321e+00 1.404297457038810080e+03 9.266199510183628263e+01 2.446854188922209516e-03
1.610446463348331747e+00 1.127756551169803515e+03 9.473824671041097645e+01 2.447241305371994358e-03
1.615341322894651821e+00 1.279180285252817384e+03 9.274365882807182970e+01 2.447618240948079560e-03
1.620236928374720220e+00 1.177817442982730654e+03 8.817048045578167148e+01 2.447987239120541503e-03
1.625133261885107094e+00 1.431021207555687397e+03 8.636707444970670622e+01 2.448346271266332863e-03
1.630030319271077666e+00 1.151372901604904200e+03 8.964304251378075605e+01 2.448711114704682501e-03
1.634928078770619964e+00 1.294080231805742187e+03 9.690376472071034186e+01 2.449048384837615444e-03
1.639826522789800123e+00 1.269574347255909515e+03 8.646758073760452135e+01 2.449395634342543815e-03
1.644725621913086355e+00 1.501483970225334133e+03 9.076384778600845493e+01 2.449703488943910656e-03
1.649625366927538028e+00 1.189010249609639004e+03 9.461949108293242716e+01 2.450041525507762330e-03
1.654525761224458824e+00 1.388493126764530871e+03 8.944790367857035562e+01 2.450352771413477626e-03
1.659426770341962953e+00 1.144495207535359896e+03 1.001255078379483621e+02 2.450656346090651638e-03
1.664328379993665230e+00 1.452175505762861349e+03 9.272690716966076252e+01 2.450953305611625055e-03
1.669230594285234570e+00 1.339863469973980955e+03 9.735641207121466323e+01 2.451260985957715022e-03
1.673643051562184736e+00 1.450938148795226198e+03 1.166276147019189011e+02 1.961196290992450741e-03
1.678055991199234986e+00 1.348015561176125857e+03 9.766853616282128314e+01 2.451743346057577710e-03
1.682959765307958211e+00 1.375206368608797675e+03 1.023878914624276604e+02 2.452030762665868835e-03
1.687864085462826402e+00 1.303898582602707393e+03 1.055281682408697179e+02 2.452289392202544605e-03
1.692768903582116291e+00 1.485423233224868454e+03 8.820401730586672784e+01 2.452528727087566196e-03
1.697674224794372355e+00 1.246907336970451524e+03 9.500227893612009211e+01 2.452792485168719949e-03
1.702580049919220739e+00 1.406042031833676447e+03 1.138813406426713755e+02 2.453032639679886273e-03
1.707486348638527884e+00 1.106020654007334315e+03 1.111422994510373883e+02 2.453266079627258733e-03
1.712393107977606910e+00 1.475127760590134585e+03 1.094209139295328441e+02 2.453493259451766662e-03
1.717300320269036451e+00 1.477541048498180771e+03 9.489153664133664279e+01 2.453719031977774634e-03
1.722207980972630503e+00 1.593468672233982943e+03 9.693733935095292509e+01 2.453941671615833542e-03
1.727116057983073993e+00 1.334521071673545066e+03 1.144505027895631883e+02 2.454135338827434509e-03
1.732024548649294005e+00 1.462564490203984178e+03 1.064645334259648735e+02 2.454355327392798714e-03
1.736933445086352057e+00 1.464855728744122416e+03 1.095045703384603257e+02 2.454541109665031584e-03
1.741842719241704307e+00 1.516973300041005814e+03 1.079198010383800010e+02 2.454733045686774418e-03
1.746752373623488674e+00 1.506403359255536770e+03 1.056615709138550301e+02 2.454921336097592999e-03
1.751171352871986553e+00 1.412837437382482676e+03 1.247352237531010815e+02 1.964057912400285488e-03
1.755590649557962291e+00 1.580617585198203642e+03 2.396587357480534592e+02 2.455238773575674216e-03
1.760501294161455066e+00 1.578069346681764955e+03 1.048680646711122790e+02 2.455405829917101102e-03
1.765412273028079237e+00 1.580115942745238726e+03 1.097041465456441074e+02 2.455573036707514589e-03
1.770323569615837700e+00 1.534036661532930793e+03 1.076414089473778404e+02 2.455723551050947862e-03
1.775235181419121178e+00 1.702589854125203374e+03 1.133837014631540114e+02 2.455888252232973912e-03
1.780147089737959876e+00 1.538546907929335703e+03 1.153166241161679864e+02 2.456020066605946184e-03
1.785059276492436009e+00 1.631178086201421365e+03 1.035293274998921333e+02 2.456166687869965060e-03
1.789971749886634100e+00 1.552792779296661138e+03 1.068311547276216515e+02 2.456306706327904266e-03
1.794884491820094352e+00 1.256512370031396813e+03 1.216444805667911169e+02 2.456435227132347521e-03
1.799797495045667883e+00 1.431586713483065978e+03 1.161224379075301840e+02 2.456567998440961631e-03
1.804710745437937636e+00 1.468288827799324736e+03 1.356157928716447714e+02 2.456682393828568678e-03
1.809624234486329142e+00 1.502310715061207475e+03 1.239217078679484985e+02 2.456806654562715408e-03
1.814537948813713664e+00 2.136076965676853433e+03 2.920074936466310191e+02 2.456907672821584399e-03
1.819451879835730423e+00 1.516476536352066432e+03 1.267540857508010959e+02 2.457023349195175399e-03
1.823874607345555621e+00 1.535246133908706270e+03 1.361389397973387076e+02 1.965704160630243891e-03
1.828297516960472935e+00 1.581079469048234614e+03 1.172495925766913842e+02 2.457205454286848223e-03
1.833212023237913879e+00 1.316463542955265893e+03 1.138812843429868735e+02 2.457300823154318081e-03
1.838126728192481130e+00 1.659658597949598970e+03 1.197349653698302063e+02 2.457404131413154502e-03
1.843041615809241085e+00 1.757494495912688080e+03 1.205520252986812011e+02 2.457483485346578789e-03
1.847956661215125695e+00 1.753343531934324801e+03 1.236986752470522788e+02 2.457561920538031686e-03
1.852871879656530885e+00 1.675245451366393354e+03 1.284511378893596429e+02 2.457656520866935423e-03
1.857787261098725384e+00 1.666191330993561678e+03 1.250859749022713459e+02 2.457724921327564260e-03
1.862702779853024904e+00 1.439168279291263616e+03 1.265765859671969338e+02 2.457793832971955084e-03
1.867618446233725971e+00 1.506561399890057828e+03 1.408522838170772502e+02 2.457872547729333945e-03
1.872534255815035076e+00 2.060193863535867422e+03 1.294068982113151378e+02 2.457937033579549180e-03
1.877450191040893168e+00 1.896215374365242042e+03 1.282222461799287885e+02 2.457998192278765259e-03
1.882366245130721705e+00 1.537239325416805514e+03 1.315284243032408540e+02 2.458055897549771274e-03
1.887282411954164685e+00 1.507344747429107656e+03 1.411499647719335826e+02 2.458110925893430831e-03
1.891707045849595481e+00 2.073816018397700645e+03 1.393434411676466880e+02 1.966522969537143339e-03
1.896131770929609495e+00 1.566378736752374380e+03 1.440086517006882332e+02 2.458202110476648272e-03
1.901048240888697727e+00 1.729396136253216355e+03 1.265493166239259608e+02 2.458267848611361828e-03
1.905964801290043198e+00 1.551957690347771859e+03 1.356274654383901179e+02 2.458292552733665204e-03
1.910881438459801851e+00 1.600414338628939504e+03 1.300432814246980797e+02 2.458344617024987855e-03
1.915798163382762986e+00 1.701589645279510705e+03 1.263640703462813235e+02 2.458380305936369581e-03
1.920714971034066965e+00 1.907410761878543781e+03 1.223486197441709464e+02 2.458427345367164563e-03
1.925631840338305256e+00 1.509844678440626694e+03 1.386225649994555624e+02 2.458441958870904998e-03
1.930548774784666355e+00 1.914806027246562735e+03 1.302029865218300984e+02 2.458492487489971623e-03
1.935465789026684869e+00 1.792092328806780415e+03 1.353997667445930801e+02 2.458521754528320002e-03
1.940382859781773384e+00 1.690020003724112030e+03 3.039773038715122766e+02 2.458549000560195097e-03
1.945299983026437918e+00 2.006320942900549881e+03 1.540598716205297478e+02 2.458574244104116957e-03
1.950217154847110335e+00 1.816733407910955066e+03 1.524743233692076956e+02 2.458597576568299914e-03
1.955134371555145245e+00 1.898678461473829657e+03 2.838563220758596799e+02 2.458619131466610597e-03
1.959559900412477962e+00 1.841966613237420916e+03 1.634616208183010713e+02 1.966909725866328174e-03
1.963985483050392222e+00 1.925726884473350310e+03 1.404462966859334756e+02 2.458672912048154302e-03
1.968902826870472911e+00 2.000772574214181532e+03 1.558926467757339651e+02 2.458670908032090097e-03
1.973820184371040787e+00 1.566137778374186610e+03 1.499801794720126509e+02 2.458686592535785920e-03
1.978737591027547094e+00 2.153696763295039545e+03 1.395999066717863570e+02 2.458720063970298852e-03
1.983655033451467320e+00 1.896735703938185679e+03 1.537628441061249305e+02 2.458722359949927494e-03
1.988572492883483589e+00 2.017359401545064429e+03 1.505301766801730992e+02 2.458737072066563556e-03
1.993489986293590865e+00 2.190345685967307872e+03 1.510026011407594524e+02 2.458756338040490874e-03
1.998407509113099945e+00 1.620861804677580494e+03 1.564347322811765935e+02 2.458766481468810383e-03
2.003325051405227430e+00 1.971922571535622410e+03 1.475766825118732868e+02 2.458775810658675454e-03
2.008242598306576809e+00 1.854065777036811141e+03 1.585590640965051534e+02 2.458771090690703431e-03
2.013160162040454448e+00 1.944433153974037850e+03 1.422140966714498518e+02 2.458792643186935578e-03
2.018077767138926948e+00 1.872440714440152078e+03 1.678060723371977474e+02 2.458812455286008003e-03
2.022995385624608122e+00 1.859994920466336225e+03 1.501308208825507791e+02 2.458806030395166431e-03
2.027421245323112409e+00 1.930916686692372195e+03 1.676334292251224269e+02 1.967053668109119968e-03
2.031847119472489638e+00 1.964403524139565434e+03 1.623227021588040770e+02 2.458820481267665059e-03
2.036764773638156889e+00 2.060698066175135864e+03 1.454098682794169690e+02 2.458833684399586161e-03
2.041682447247389121e+00 1.851308498374387455e+03 1.459271310776066457e+02 2.458839924832645352e-03
2.046600126947793807e+00 1.765001260702447098e+03 1.629008166376847839e+02 2.458839775572485564e-03
2.051517829214188016e+00 1.704233119822954450e+03 1.633975435923844088e+02 2.458862490821278612e-03
2.056435543733078575e+00 1.608420593185169309e+03 1.773865074077084500e+02 2.458852028068836404e-03
2.061353272812513016e+00 2.079855712788258188e+03 1.602271388713413671e+02 2.458877051365160327e-03
2.066271034589729272e+00 2.168511563476593892e+03 1.464219443404217600e+02 2.458884725851984143e-03
2.071188799080313281e+00 1.786374908341754917e+03 1.672641473062669775e+02 2.458879764732024853e-03
2.076106574252186032e+00 1.877676041602732766e+03 1.663451013087635602e+02 2.458895407140726519e-03
2.081024380601553148e+00 1.879241018633054182e+03 1.685936774242759384e+02 2.458910942226832930e-03
2.085942211127857160e+00 2.058172712253870031e+03 1.661596880000070087e+02 2.458919584077179366e-03
2.090860062728351565e+00 1.844032886873831330e+03 1.788515728656161627e+02 2.458932016416781607e-03
2.095286148643554114e+00 1.802177588643837453e+03 1.756594529828180384e+02 1.967153898785323207e-03
2.099712266131769312e+00 1.596527786915969500e+03 2.811603638069943827e+02 2.458963589429430385e-03
2.104630199603686247e+00 1.888115213155989750e+03 1.665807552280489290e+02 2.458969882487505032e-03
2.109548155254063140e+00 1.945049181232079263e+03 1.704424452767636922e+02 2.458985767888943741e-03
2.114466151045777398e+00 1.738587503242096091e+03 1.533787263612462084e+02 2.459010023825758395e-03
2.119384181210363760e+00 2.065627481024885128e+03 1.725935531785514740e+02 2.459020140761047912e-03
2.124302255781340687e+00 1.848262422179471741e+03 1.814942997423097495e+02 2.459054430216323084e-03
2.129220378414860448e+00 1.808756318999475070e+03 1.858084388205950290e+02 2.459068203303438338e-03
2.134138533305335983e+00 2.063499458169535956e+03 1.690615512716497051e+02 2.459086687172096219e-03
2.139056743864308441e+00 1.639734459979070380e+03 1.822977615417100878e+02 2.459123871800361627e-03
2.143975015851297350e+00 2.242600874349951027e+03 3.639205564442265768e+02 2.459148115188991568e-03
2.148893342179988064e+00 1.927265995313108078e+03 1.640715415891042994e+02 2.459178213501278520e-03
2.153811740077213432e+00 1.525084513002882659e+03 1.922270662751502641e+02 2.459219683724089833e-03
2.158730205433659677e+00 2.103262521280388682e+03 1.772335252056086574e+02 2.459245672722154552e-03
2.163156872548913423e+00 1.991573935139471359e+03 2.208961497574687201e+02 1.967421442531591680e-03
2.167583613558250022e+00 2.039492921820263746e+03 2.401282335001687898e+02 2.459319566805895363e-03
2.172502288188379538e+00 1.815153731171119716e+03 1.807319765018023645e+02 2.459355063323620527e-03
2.177421037486462208e+00 1.811634792289934012e+03 1.842993481252201491e+02 2.459394234758160991e-03
2.182339883640636025e+00 1.907490771268511480e+03 1.998017315966749265e+02 2.459451919414767929e-03
2.187258837328599714e+00 1.905250762766755997e+03 1.632529092690986090e+02 2.459501768549365863e-03
2.192177893331984873e+00 1.838444532518021333e+03 2.099150442461552757e+02 2.459554234835792386e-03
2.197097050247227124e+00 2.042277713807048485e+03 1.839700312933964597e+02 2.459602680406902664e-03
2.202016319936786370e+00 1.994103980844801754e+03 1.760049611891765835e+02 2.459667009152344264e-03
2.206935715882181626e+00 1.938521273590813053e+03 2.018468308861140486e+02 2.459728936242466801e-03
2.211855239023936548e+00 1.998429272641242051e+03 2.080364901211094093e+02 2.459794205512011445e-03
2.216774896144311224e+00 2.171014363126365879e+03 1.803557247817896041e+02 2.459862914863109040e-03
2.221694694221378885e+00 2.143564195905349152e+03 1.797703132412236755e+02 2.459935162204107684e-03
2.226122634307510673e+00 2.177238665552803923e+03 2.262837298089241358e+02 1.968004923928123873e-03
2.230550712440444006e+00 2.004779159365061105e+03 1.847260465279457549e+02 2.460073209005653183e-03
2.235470941053647742e+00 1.799646921674224814e+03 2.161549349167091805e+02 2.460155404197639228e-03
2.240391351946698695e+00 2.155978108247074942e+03 2.002859066788009841e+02 2.460255488852425287e-03
2.245311940851384414e+00 1.994626649194892479e+03 2.174115322344041488e+02 2.460333415833293458e-03
2.250232707701593338e+00 2.095033254087091336e+03 1.818111167212325654e+02 2.460433434375630668e-03
2.255153667885341662e+00 1.832780449828346264e+03 2.350042690447073710e+02 2.460526749373137534e-03
2.260074824901876944e+00 2.348816512573187083e+03 2.375862394750497515e+02 2.460630267162589035e-03
2.264996202875955600e+00 1.870517803406284202e+03 1.803070271295484872e+02 2.460747706915178412e-03
2.269917807886547845e+00 2.366879236217188918e+03 1.966288050611915423e+02 2.460857303677510544e-03
2.274839632751067597e+00 1.790054792596580000e+03 2.000854572804817053e+02 2.460967560842686197e-03
2.279761695349498130e+00 2.421916154779764838e+03 2.088053050414496283e+02 2.461095037587845979e-03
2.284684012295966404e+00 1.761398846845333992e+03 2.087420438900103363e+02 2.461221908879984710e-03
2.289606579289452437e+00 2.241142614867959310e+03 2.055121998645136046e+02 2.461345084605603972e-03
2.294037107206990278e+00 2.290384118110969212e+03 2.275546326464714184e+02 1.969182832931792859e-03
2.298467894354718766e+00 2.161199071237531825e+03 2.084115045829032624e+02 2.461604314796694837e-03
2.303391242784798454e+00 2.137610345534703356e+03 1.956073492573793828e+02 2.461744115282993306e-03
2.308314888252125829e+00 2.193178426128048613e+03 2.038524666715784406e+02 2.461901352043938118e-03
2.313238839991344609e+00 1.636889715036281359e+03 2.375643559765132977e+02 2.462050387174397059e-03
2.318163107858945082e+00 1.781837877477856182e+03 2.128754945203893385e+02 2.462217480425632488e-03
2.323087704584255508e+00 2.155920876087450779e+03 2.080087062146071730e+02 2.462379244883905471e-03
2.328012647787285339e+00 2.059490228469347585e+03 2.473190500850782882e+02 2.462563958145924659e-03
2.332937936600062656e+00 1.978256793761934432e+03 2.259536239464439404e+02 2.462724854631836990e-03
2.337863586561442553e+00 2.341304207234697515e+03 2.195766566386005252e+02 2.462925106748059534e-03
2.342789628373751043e+00 1.945571038973026134e+03 2.281450228928310935e+02 2.463116705560874919e-03
2.347716048869853633e+00 2.335606187616059287e+03 2.428367917133864466e+02 2.463303790541271354e-03
2.352150144709679758e+00 1.834991266930391021e+03 3.221473074083912707e+02 1.970792049283964786e-03
2.356584608965305083e+00 1.772254782965075492e+03 2.806769534556806320e+02 2.463672206340916659e-03
2.361512175244461886e+00 2.213450428125705457e+03 2.176605467396902895e+02 2.463894072815442371e-03
2.366440184535011593e+00 2.392258434603023943e+03 2.323849066965867678e+02 2.464115217734708096e-03
2.371368641869838534e+00 2.422288036614037082e+03 2.264849034405701786e+02 2.464342117092233053e-03
2.376297553663104800e+00 2.272988725521029664e+03 2.488785454954602301e+02 2.464569676174033219e-03
2.381226938797788684e+00 2.906003501818993755e+03 4.475654643886246049e+02 2.464815458510294377e-03
2.386156816293629745e+00 2.222515442285624431e+03 2.601468113414643994e+02 2.465062037330767453e-03
2.391087193994096527e+00 2.024001062268600890e+03 2.403402629584873011e+02 2.465315663136458113e-03
2.396018094793921804e+00 2.040407946712269450e+03 2.290179081882106402e+02 2.465585136688375201e-03
2.400949525297582099e+00 2.461308104536379233e+03 2.368942725148021964e+02 2.465845366971919361e-03
2.405881491101509617e+00 2.247890991952354852e+03 2.363061115244256598e+02 2.466120436955154815e-03
2.410320707018108966e+00 1.856507121946427560e+03 2.820778965788208552e+02 1.973095479643305339e-03
2.414760446407310912e+00 2.266573084912751256e+03 2.583986539670388538e+02 2.466643909559529391e-03
2.419694029468492324e+00 2.793416140678525153e+03 2.628933966935355784e+02 2.466939151622327131e-03
2.424628201849525766e+00 2.209165751732033186e+03 2.660845065462351613e+02 2.467233229411114337e-03
2.429562980127566441e+00 2.423838179833415325e+03 2.377939201978183519e+02 2.467545048629116167e-03
2.434498406766839373e+00 2.752607202108430556e+03 2.402366806221352817e+02 2.467881590644260825e-03
2.439434479046270532e+00 2.124441597016124888e+03 2.806240879294764454e+02 2.468190688787785803e-03
2.444371214396614977e+00 2.594744389314998443e+03 2.437199207314874911e+02 2.468544661556659747e-03
2.449308627378021797e+00 2.396006895052186337e+03 2.660142346387760881e+02 2.468868319849715220e-03
2.454246734199909241e+00 2.759404468731762790e+03 2.519797826932335738e+02 2.469238502037729432e-03
2.459185563378238015e+00 3.103760643686704952e+03 2.762979476850346146e+02 2.469590676291044673e-03
2.463631084530569559e+00 2.098122964007063274e+03 2.714026338864218815e+02 1.975930476041387607e-03
2.468077281036997306e+00 2.234407202041797973e+03 2.830126787839719782e+02 2.470266030385470657e-03
2.473018196683185010e+00 2.108988778498588999e+03 3.082016334774612005e+02 2.470649615802233967e-03
2.477959887583434107e+00 2.863033988958037298e+03 2.568979398346477865e+02 2.471041284446418018e-03
2.482902370570626349e+00 1.949728148365733432e+03 2.794467571222116931e+02 2.471441702745824642e-03
2.487845663242626681e+00 2.361823972244435936e+03 2.651689871059097641e+02 2.471850969254507646e-03
2.492789783394425474e+00 2.704993171903805433e+03 2.950524673652098500e+02 2.472269182543840316e-03
2.497734749018163836e+00 2.251711188421269526e+03 2.752980000220777583e+02 2.472696441195409989e-03
2.502680578303168701e+00 2.396388362999820856e+03 2.905297784330045943e+02 2.473132843810343928e-03
2.507627289635978585e+00 2.397037696213492382e+03 2.730424322469084473e+02 2.473578489000427538e-03
2.512080058054690923e+00 2.531466395063042910e+03 3.218100801443169985e+02 1.979189929711466789e-03
2.516533652240865226e+00 3.001787483462882847e+03 2.769567232758386126e+02 2.474404256461948393e-03
2.521482952428172108e+00 2.508481043412695271e+03 3.022610208073306239e+02 2.474895930845377734e-03
2.526433207327358321e+00 2.209444581527729952e+03 2.872582492796777842e+02 2.475358968340835020e-03
2.531384416666105697e+00 2.405918597880393463e+03 2.986830338617378402e+02 2.475850370406984524e-03
2.536336637855487464e+00 2.455327413557342879e+03 2.806632379856532680e+02 2.476370818975226484e-03
2.541289872236820013e+00 2.897402323153074576e+03 2.919136784022643951e+02 2.476863562357767279e-03
2.546244138054555073e+00 2.749842785510613794e+03 3.486561062393375323e+02 2.477402255376848217e-03
2.551199462735501022e+00 2.419892857383501450e+03 2.817484316863974527e+02 2.477922425568213072e-03
2.556155853665932121e+00 3.239542285722056931e+03 3.184752988391910549e+02 2.478468504862441080e-03
2.560617503455266064e+00 2.491597570763456588e+03 3.137436737528264530e+02 1.983181284471058348e-03
2.565080142223337134e+00 2.200238227969006857e+03 3.139353118412141157e+02 2.479457483599567524e-03
2.570039647724393195e+00 1.877852335675723452e+03 3.203118407045681124e+02 2.480048017456049081e-03
2.575000324924218820e+00 2.441885066613005620e+03 2.845880540641514926e+02 2.480629182369575858e-03
2.579962175134483893e+00 2.462455771899239153e+03 3.541565635859410577e+02 2.481221027895941234e-03
2.584925218484258380e+00 2.960940530671618490e+03 3.209799899014333278e+02 2.481822321878102144e-03
2.589889469596345251e+00 2.383516176030814677e+03 3.032494054845792562e+02 2.482428790208768277e-03
2.594854960130259514e+00 2.476816540049292598e+03 3.321549010042808732e+02 2.483061743705494706e-03
2.599324922400273685e+00 2.542296220880562942e+03 3.694577056054386048e+02 1.986900526308676973e-03
2.603796036593771568e+00 2.183647327806013891e+03 3.461366559516852703e+02 2.484213667189205665e-03
2.608765119665243049e+00 2.900909584059776535e+03 3.441953041207029855e+02 2.484869404282274985e-03
2.613735525561803108e+00 3.097105405256028916e+03 3.333500719887329069e+02 2.485536492277340415e-03
2.618707277083778262e+00 2.045241056127170850e+03 3.257287944293623241e+02 2.486215029697369516e-03
2.623680397228521421e+00 2.862798515753949687e+03 4.082016898315032449e+02 2.486905115046234016e-03
2.628654909190377253e+00 3.075655491738053570e+03 3.850898845616429753e+02 2.487606846809153893e-03
2.633630836360631999e+00 2.608180928567184310e+03 3.233666173674478159e+02 2.488320323445591953e-03
2.638110338467529736e+00 2.748203317120624433e+03 3.715154000127572544e+02 1.991181783451256848e-03
2.642591154744793336e+00 2.782388845247348399e+03 3.772753834245936559e+02 2.489634493812342697e-03
2.647571170618293834e+00 3.417979897007035106e+03 3.407978776957866103e+02 2.490381379688599850e-03
2.652552692382307065e+00 2.338361704986338736e+03 3.428599892388069748e+02 2.491140384324630475e-03
2.657535744372660602e+00 2.747232900769486150e+03 3.630513330594599211e+02 2.491911606028907045e-03
2.662520351121759443e+00 2.238804595255302047e+03 3.818748427732173241e+02 2.492695143069489916e-03
2.667506537477224882e+00 2.722856287583427729e+03 3.474670030621223304e+02 2.493491212395948509e-03
2.671995407254502464e+00 2.418587906175683202e+03 3.813876562483071666e+02 1.995378564882077654e-03
2.676485741591467349e+00 2.453452579267021065e+03 3.457026271234403794e+02 2.494955772083251588e-03
2.681476484321479781e+00 3.093612195640342634e+03 3.589573726548205741e+02 2.495786957928736172e-03
2.686468902206223142e+00 2.420342823157436669e+03 4.107875376427391529e+02 2.496630926815068818e-03
2.691463020909643955e+00 2.822364322403872393e+03 3.934972356452371969e+02 2.497487776606188703e-03
2.696458855008726729e+00 1.547978861037489196e+03 3.780149075446565803e+02 2.498346322476585613e-03
2.701456441839154898e+00 2.187745609963304560e+03 4.327224995846718230e+02 2.499240507951139278e-03
2.705955715047161814e+00 2.693090998201181264e+03 4.478861600052232461e+02 2.000032700055331958e-03
2.710456610744612416e+00 1.998980735770380761e+03 4.398901986019318429e+02 2.500862997395270071e-03
2.715459256777433161e+00 3.032764798855791014e+03 3.902319793571109585e+02 2.501783035425475532e-03
2.720463745148761436e+00 1.799369383850996201e+03 3.796686954240558407e+02 2.502705335902799533e-03
2.725470106078149435e+00 2.627192408037936275e+03 4.476982778532019438e+02 2.503655593485198949e-03
2.730478385579683476e+00 3.159920079752698712e+03 4.187585284970441535e+02 2.504623908048841940e-03
2.734987413662537836e+00 3.782510658821008747e+03 4.746730256767286846e+02 2.004404174805518579e-03
2.739498195076051967e+00 2.263812725268749091e+03 4.261051018822986407e+02 2.506377238708612509e-03
2.744511951307130104e+00 9.847389681555888501e+02 5.014112650661289763e+02 2.507378992368636261e-03
2.749527731834453537e+00 2.370732889683477879e+03 4.957418494956980339e+02 2.508401534955240209e-03
2.754545562508142975e+00 3.360555230883624517e+03 4.721167754288394462e+02 2.509429138734642351e-03
2.759565462597464158e+00 3.110785527163629922e+03 4.372086958539448460e+02 2.510470950586540795e-03
2.764085073256991709e+00 3.594273981616111087e+03 4.827470931762809414e+02 2.009139708940566038e-03
2.768606595118826785e+00 3.241900084031916322e+03 4.514410876160523003e+02 2.512382152894510057e-03
2.773632442544694765e+00 3.569212806495037967e+03 4.384883417234200351e+02 2.513465272974357845e-03
2.778660468932391936e+00 2.475438008719571826e+03 4.754818574272835576e+02 2.514561114723257162e-03
2.783690712644687704e+00 2.962424545048990694e+03 4.515692988548348694e+02 2.515682597572954649e-03
2.788723203242395421e+00 3.530567347120559589e+03 4.268522937480147448e+02 2.516808000135650758e-03
2.793254285119575187e+00 2.763053882658412931e+03 5.110945206884330219e+02 2.014273877044558958e-03
2.797787431375433620e+00 1.855376169424974705e+03 5.288680662444678546e+02 2.518872378813874491e-03
2.802826364737344367e+00 2.857055089142689667e+03 4.948134686306011645e+02 2.520060983096872320e-03
2.807867667519460930e+00 2.373901230942192342e+03 5.527931358510338669e+02 2.521241799020579322e-03
2.812911352753473704e+00 1.897195672063853635e+03 5.117893917809622053e+02 2.522443434992638345e-03
2.817452631544107078e+00 2.326232150573429408e+03 5.512731909611495666e+02 2.018835355641179774e-03
2.821996124190901067e+00 3.147798980004175519e+03 5.678938858274823360e+02 2.524657291152809790e-03
2.827046690140669671e+00 2.239481516490864578e+03 4.640026167402779720e+02 2.525908658615794167e-03
