# wavelength [um]         Fp/Fs [ppm]              Fp/Fs error [ppm]        half-bin width [um]
8.543200632359985169e-01 5.166106235710495866e+02 6.971362200734097314e+01 2.207813544452874588e-03
8.591812501651039380e-01 5.274377932749171123e+02 7.397768495211926165e+01 2.653373384652435441e-03
8.640490705741382671e-01 6.149661759369016636e+02 8.026359980731660926e+01 2.214447024381782647e-03
8.689247480901404197e-01 5.420009753001315858e+02 7.088378862565298277e+01 2.661230491620369953e-03
8.738069231786239621e-01 6.350104071822042897e+02 7.470840695212632454e+01 2.220944596863172471e-03
8.786968624033675290e-01 6.025456816734114227e+02 7.003556423792053920e+01 2.668994627880505455e-03
8.835931834345059910e-01 6.363974805611180727e+02 6.516984811144129708e+01 2.227326403258067522e-03
8.884970909790987914e-01 6.153666020094417490e+02 6.312291925880401777e+01 2.676581141334510860e-03
8.934072681951463757e-01 6.052027265700130556e+02 7.131480429973350965e+01 2.233596074713073421e-03
8.983249054457047578e-01 4.565737383025888221e+02 7.125943250940906637e+01 2.684041175845308658e-03
9.032487163935836172e-01 5.493495687250864421e+02 6.462699715669543821e+01 2.239769772033550765e-03
9.077310109385223758e-01 3.958450876084781385e+02 7.517076543362685470e+01 2.242524772904985753e-03
9.126681861804001317e-01 5.265078262808533509e+02 6.580782269642998017e+01 2.694650468972881185e-03
9.176113480556596924e-01 6.650259819016811207e+02 6.469638417693670362e+01 2.248511406286790582e-03
9.225616370824157864e-01 6.004748070299272058e+02 6.639011546774850103e+01 2.701777620469192343e-03
9.275178143411906273e-01 5.799737356153685823e+02 5.685475595187563158e+01 2.254399638305648601e-03
9.320292592139289845e-01 5.314296821413149701e+02 6.829183916920766251e+01 2.257045234432819569e-03
9.369981933181843470e-01 5.240335111407788418e+02 6.041900562830051058e+01 2.711888869822653980e-03
9.419728449996063180e-01 5.461750210222699025e+02 6.729243126003888165e+01 2.262762811599317025e-03
9.465009286985607284e-01 6.672522780556032558e+02 6.347354927794970081e+01 2.265320887355204427e-03
9.514879933066463513e-01 5.433775084218984830e+02 5.931159161994196438e+01 2.721743720730307459e-03
9.564806150897283699e-01 5.823948549236442886e+02 6.511321981048399721e+01 2.270878062351600057e-03
9.610248753293604285e-01 7.101555610629616240e+02 6.466563411362824354e+01 2.273382177280347527e-03
9.660295624192337671e-01 5.781542972277660510e+02 6.053583763291226205e+01 2.731304912593213174e-03
9.710396524990890788e-01 6.236787993867635578e+02 5.993978757472609686e+01 2.278785167261876410e-03
9.755996340921850862e-01 6.526286809828620790e+02 5.888645194796390570e+01 2.281196425834020047e-03
9.806214314336653137e-01 5.818894961578600942e+02 5.835329936049743083e+01 2.740600915646318469e-03
9.856484774603375687e-01 6.518305184765190461e+02 5.634077201706338656e+01 2.286445111026047528e-03
9.902237202691681617e-01 6.499670014984599220e+02 6.933096217354886903e+01 2.288797697804656472e-03
9.948036567190751134e-01 7.194646512924886110e+02 5.933185098607418695e+01 2.291138752102184206e-03
9.998471753861895017e-01 7.635084218634088984e+02 5.314181572463280645e+01 2.752379915012315159e-03
1.004895739906094931e+00 7.249020332958410791e+02 5.967221135686588696e+01 2.296184604893225512e-03
1.009490351091684168e+00 6.125799090361871322e+02 6.426372366940211123e+01 2.298426580696233401e-03
1.014549857640717256e+00 7.598805712972487072e+02 5.611160578342833105e+01 2.761079968336854762e-03
1.019614266461341900e+00 6.676533466220339506e+02 6.248460480201049450e+01 2.303328852288011319e-03
1.024223110821606220e+00 7.237572234289264088e+02 5.974401934268644254e+01 2.305515507976307887e-03
1.028836329286371365e+00 6.469093167274812686e+02 6.174781188027043299e+01 2.307702956788615367e-03
1.033916095775793353e+00 7.286257558336319562e+02 6.129589098355359056e+01 2.772063532633151084e-03
1.039000572023538016e+00 7.130217447343516142e+02 5.528263517814457373e+01 2.312412715111511474e-03
1.043627472404563328e+00 8.535232863777162038e+02 5.858739555259421650e+01 2.314487665913356196e-03
1.048258554449214230e+00 7.159845166958122036e+02 5.406226021528948422e+01 2.316594378737546478e-03
1.052893807467491838e+00 7.270784263735888544e+02 5.613512768455484547e+01 2.318658639540061017e-03
1.057997531813409386e+00 7.577389655570805189e+02 5.141739681561159614e+01 2.785065706377709560e-03
1.063105724935427210e+00 6.983499440695339899e+02 5.828394361476023278e+01 2.323127415640557913e-03
1.067753978411806193e+00 7.165844982774739265e+02 5.810591709852508302e+01 2.325126060738202938e-03
1.072406207212634355e+00 6.738229184012907353e+02 5.790386415035357004e+01 2.327102740089959099e-03
1.077528423398386392e+00 7.604668367205910045e+02 5.852974478666874347e+01 2.795113445662300578e-03
1.082654926306637178e+00 6.788540649350991316e+02 5.482824958813671401e+01 2.331389462588484562e-03
1.087319605514537324e+00 8.895284512054568040e+02 5.393743735760153868e+01 2.333289745311883934e-03
1.091988113854361897e+00 8.971629645097756338e+02 6.065016302304354667e+01 2.335218594512689094e-03
1.096660402953536062e+00 8.040111532240414363e+02 5.284502256441658119e+01 2.337070504661253878e-03
1.101336405670705121e+00 8.050580143598839413e+02 5.458230675687559597e+01 2.338932212508249009e-03
1.106484503810384989e+00 8.166561716365919210e+02 5.273312319266267423e+01 2.809165927171619614e-03
1.111636634957905212e+00 7.417368810860834856e+02 5.594577055843080871e+01 2.342965220348824928e-03
1.116324354121987605e+00 8.228360844558972076e+02 5.229643894083687883e+01 2.344753943733790535e-03
1.121015645672714500e+00 7.796487086310251016e+02 5.633763655988866503e+01 2.346537606992660230e-03
1.125710483100045067e+00 8.391899076866377527e+02 6.441144448331851891e+01 2.348299820337684807e-03
1.130408806275852607e+00 7.848256228175790739e+02 6.268665346577427044e+01 2.350023355469632591e-03
1.135581159148394415e+00 7.664677045135845219e+02 5.902221169721701699e+01 2.822329517072175165e-03
1.140757298910773931e+00 8.373635887253976762e+02 5.155714689728711164e+01 2.353810245307563775e-03
1.145466575323962344e+00 7.311212059679962749e+02 5.700037878221121446e+01 2.355466167880848616e-03
1.150179205825012207e+00 8.130566596978680991e+02 5.494042322412769863e+01 2.357164333169015080e-03
1.154895167418988899e+00 8.254340504588076328e+02 5.487919730939097462e+01 2.358797260808120910e-03
1.159614388991352829e+00 8.667061663742306337e+02 5.655907071906528927e+01 2.360424311556030830e-03
1.164336849341247149e+00 9.409201891303988532e+02 5.568417844841462738e+01 2.362036038338510835e-03
1.169535424405363733e+00 8.917967811046808038e+02 5.302176575686712567e+01 2.836539025777629064e-03
1.174737480888732533e+00 8.866856268805486252e+02 5.130298173612493429e+01 2.365517457590948780e-03
1.179470063300246174e+00 8.358390331149871599e+02 5.538592912769343002e+01 2.367064953922470849e-03
1.184205733637998526e+00 9.531680643586153110e+02 5.793040969819924157e+01 2.368605383829880395e-03
1.188944468526255127e+00 8.478932109375182335e+02 5.778216736414719890e+01 2.370129504426721212e-03
1.193686225468526541e+00 9.274702445127231840e+02 5.325428703554939602e+01 2.371627437844248121e-03
1.198430951454127813e+00 8.670167405333054376e+02 5.921362662058061233e+01 2.373098547756580246e-03
1.203178631132278076e+00 8.251315133149096255e+02 5.733104932088485839e+01 2.374581130393904616e-03
1.207929242828853500e+00 1.004631765369234131e+03 6.246190352866210560e+01 2.376030566181519532e-03
1.213158402447101158e+00 8.614087925888304653e+02 6.037226068989912164e+01 2.853129052066138982e-03
1.218390681492206085e+00 8.577061149630670798e+02 5.834555376207845256e+01 2.379149993038343069e-03
1.223150396215613389e+00 8.814473386312736238e+02 5.308397371820626631e+01 2.380564730368739390e-03
1.227912903255028221e+00 9.623237370203881937e+02 5.505194302568702369e+01 2.381942309046092277e-03
1.232678148908179949e+00 8.586500393961814552e+02 6.373970669433640523e+01 2.383303344105636157e-03
1.237446087262324079e+00 9.810673527579521078e+02 5.710408730452525106e+01 2.384635010038493874e-03
1.242216716136880672e+00 9.107828817419881489e+02 6.650324298267264567e+01 2.385993864518543006e-03
1.246989998668999178e+00 8.616354200175969709e+02 5.694194924331372931e+01 2.387288667599740677e-03
1.251765890601570286e+00 8.373080374803795394e+02 6.111401738953554741e+01 2.388603264971589368e-03
1.256544371138602401e+00 9.492670218739483516e+02 5.902301704627188883e+01 2.389877272060525470e-03
1.261325395768515545e+00 9.055811234569653152e+02 5.950350240602506346e+01 2.391147357852618782e-03
1.266108938318707189e+00 8.862827720938474840e+02 5.823381942221828922e+01 2.392395192339025201e-03
1.271373846933152141e+00 9.308492082505224516e+02 5.447865841856275892e+01 2.872513422105704706e-03
1.276641462944954508e+00 9.232694315402710572e+02 5.719654102592369327e+01 2.395102589696440631e-03
1.281432864653953452e+00 1.077706205245084675e+03 6.749387595765279002e+01 2.396299119302502945e-03
1.286226641121890335e+00 9.597427106700375816e+02 6.370502852423533113e+01 2.397477348634380334e-03
1.291022789773867974e+00 1.046933177271596833e+03 5.744658262982295582e+01 2.398671303343258288e-03
1.295821276256580390e+00 1.091586747656227089e+03 5.272551475175419000e+01 2.399815179369158002e-03
1.300622049725192131e+00 8.573422408115725375e+02 6.386309081271167543e+01 2.400958289242804966e-03
1.305425084048482010e+00 8.978997842894581254e+02 6.471852984780184670e+01 2.402076034047073705e-03
1.310230364594377139e+00 9.310085813304085605e+02 6.508026298529512133e+01 2.403204511848056057e-03
1.315037867191841237e+00 9.688788726675529688e+02 6.352603395074777382e+01 2.404298085616041192e-03
1.319847539335140985e+00 8.923148770647130732e+02 6.207943623315611603e+01 2.405374057683484779e-03
1.324659362681462449e+00 9.832726791893265954e+02 6.364821119697978702e+01 2.406449288637979578e-03
1.329473309821467053e+00 1.004531192120611195e+03 6.326960991087435104e+01 2.407497851366846575e-03
1.334289341202975265e+00 1.014726386912984367e+03 6.063597608784630211e+01 2.408533530141809820e-03
1.339107433657941826e+00 1.024987529766259058e+03 5.891877614169391109e+01 2.409558924824528603e-03
1.343927573752222049e+00 1.122079644911076230e+03 6.610032413362660009e+01 2.410581169455472406e-03
1.348749723372956622e+00 1.072083786120019113e+03 6.545519814546855741e+01 2.411568451278656156e-03
1.353573850992018546e+00 1.068365269450303003e+03 6.389422187835418754e+01 2.412559167783268066e-03
1.358399929564338526e+00 1.101725227625472826e+03 6.805881596042831916e+01 2.413519404536712543e-03
1.363227930818085021e+00 1.015074784794445236e+03 6.980607572685653395e+01 2.414481849210226017e-03
1.368057829431727379e+00 1.062671674774111352e+03 6.849173287021449141e+01 2.415416764432354313e-03
1.372889602523386765e+00 1.043745240889802062e+03 6.448193445799722667e+01 2.416356327227031642e-03
1.377723223786147200e+00 1.130249360167037594e+03 6.216904207066386334e+01 2.417264935533403047e-03
1.382558649557583452e+00 1.056901301576119749e+03 6.799575358522406532e+01 2.418160835903071515e-03
1.387395869242389779e+00 1.117099582113500219e+03 7.005899108771222927e+01 2.419058848902810865e-03
1.392234861257842349e+00 1.173247661837045598e+03 6.102174655336648357e+01 2.419933166549759207e-03
1.397075585555509925e+00 1.223347963834164602e+03 6.592398725573252705e+01 2.420791131117816519e-03
1.401918029816845213e+00 1.173476942247622219e+03 7.238355467239171048e+01 2.421653130217693572e-03
1.406762151443349484e+00 1.111863093394330008e+03 6.550024088624513752e+01 2.422468496286356299e-03
1.411607922156388195e+00 1.086028444663204937e+03 7.471167150302960636e+01 2.423302216752354354e-03
1.416455337049271401e+00 1.097027147282502028e+03 6.878139294312222773e+01 2.424112676130629751e-03
1.421304366167347899e+00 1.218559411763372282e+03 6.481570130871318725e+01 2.424916441946312062e-03
1.426154984833031492e+00 1.125582763272470402e+03 7.470436574413247399e+01 2.425702223737058461e-03
1.431007160213333407e+00 1.204149632992825900e+03 7.758926202849443143e+01 2.426473156564856737e-03
1.435860865423046029e+00 1.292268787552065987e+03 7.191571888865200890e+01 2.427232053147321267e-03
1.440716079135760053e+00 1.259119598123199694e+03 6.994595563251868953e+01 2.427981659566258443e-03
1.445572784354088425e+00 1.334532006486666887e+03 6.586004536874656878e+01 2.428723558761891610e-03
1.450430950463504232e+00 1.207456334055908201e+03 7.176076837216828608e+01 2.429442550653693189e-03
1.455290548359378322e+00 1.322394162647916346e+03 7.835119502086809007e+01 2.430155345220619267e-03
1.460151574748088432e+00 1.313373247300281946e+03 7.538585127981696132e+01 2.430871043489490901e-03
1.465013998539511642e+00 1.140291625069070960e+03 7.458235033571509121e+01 2.431552747933274361e-03
1.469877774418540062e+00 1.233217654677606788e+03 7.384999957573722895e+01 2.432223131094923829e-03
1.474742901003135209e+00 1.220636438011435530e+03 8.168577793442545953e+01 2.432903453500667723e-03
1.479609357664094293e+00 1.222988047901046002e+03 8.073909415761227137e+01 2.433553207458860612e-03
1.484477095719297646e+00 1.082224443367872482e+03 8.035371456978873539e+01 2.434184847744935709e-03
1.489346114474691785e+00 1.202197263765088110e+03 7.794539042609972057e+01 2.434833907649425200e-03
1.494216401198210420e+00 1.240015281954290003e+03 7.721921941714981585e+01 2.435452815869210141e-03
1.499087914503364205e+00 1.251541036476293129e+03 7.435370376021910488e+01 2.436060489284352926e-03
1.503960650260874887e+00 1.309040232650899952e+03 7.753947043922221383e+01 2.436675268226773383e-03
1.508834570554808074e+00 1.299413221457333293e+03 6.843223125122995043e+01 2.437245025706191726e-03
1.513709652093066849e+00 1.319250609287966654e+03 8.585945063453686998e+01 2.437836512552582491e-03
1.518585889075334316e+00 1.289565672452343733e+03 7.441665239451776870e+01 2.438400469714885332e-03
1.523463243605990947e+00 1.284936496989336547e+03 7.723561878337432063e+01 2.438954060941522783e-03
1.528341696926119875e+00 1.269615649680620663e+03 7.902144318393084177e+01 2.439499259187627445e-03
1.533221247792376341e+00 1.208047415562894003e+03 7.604726928415834664e+01 2.440051607069060324e-03
1.538101861699765704e+00 1.280613283729883051e+03 8.142069196470720271e+01 2.440562300320525679e-03
1.542983508644120372e+00 1.308914867110549039e+03 7.686991888400643802e+01 2.441084644033697515e-03
1.547866186636204899e+00 1.381358267685582632e+03 1.036800584166358021e+02 2.441593348050608014e-03
1.552749874429547594e+00 1.294324968150570385e+03 7.965304439093392830e+01 2.442094445291864702e-03
1.557634538577451488e+00 1.217540574236473049e+03 8.042989393601737902e+01 2.442569702611807614e-03
1.562520162240882637e+00 1.313676819651087726e+03 7.955415095029457007e+01 2.443053960819563386e-03
1.567406745067261520e+00 1.382451676160319721e+03 9.004562991307830089e+01 2.443528865559096985e-03
1.572294244146979159e+00 1.300275519570044253e+03 8.268299434470100095e+01 2.443970214158541765e-03
1.576693729857604920e+00 1.350996289025208625e+03 7.988715919580818081e+01 1.955515496467663539e-03
1.581094024941994469e+00 1.130244328818728718e+03 8.175566067739600840e+01 2.444779587922107922e-03
1.585984021181650716e+00 1.329086134619282120e+03 9.443516551744664866e+01 2.445216651733694846e-03
1.590874870893603132e+00 1.299540714961773574e+03 9.580313076984475629e+01 2.445633060218943555e-03
1.595766554531958370e+00 1.392287013091505059e+03 9.237359288300672233e+01 2.446050578136071962e-03
1.600659059387604888e+00 1.238812581870687382e+03 9.459167788058744009e+01 2.446454277510445863e-03
1.605552367854037321e+00 1.339406249488980166e+03 9.772802592077323425e+01 2.446854188922209516e-03
1.610446463348331747e+00 1.136156000831656002e+03 9.652571026914688446e+01 2.447241305371994358e-03
1.615341322894651821e+00 1.287928393752169541e+03 9.722782690077269763e+01 2.447618240948079560e-03
1.620236928374720220e+00 1.214754347558627614e+03 8.931651312486201277e+01 2.447987239120541503e-03
1.625133261885107094e+00 1.419454954783253243e+03 9.101165268364752592e+01 2.448346271266332863e-03
1.630030319271077666e+00 1.197971789938138500e+03 9.536591973167128344e+01 2.448711114704682501e-03
1.634928078770619964e+00 1.313773700365927880e+03 9.340451953153683462e+01 2.449048384837615444e-03
1.639826522789800123e+00 1.304026735118666238e+03 9.372003803601933214e+01 2.449395634342543815e-03
1.644725621913086355e+00 1.455915688881678534e+03 9.258071700537357174e+01 2.449703488943910656e-03
1.649625366927538028e+00 1.207841470968735166e+03 9.321444486868585955e+01 2.450041525507762330e-03
1.654525761224458824e+00 1.365452406375979081e+03 9.809519510225254635e+01 2.450352771413477626e-03
1.659426770341962953e+00 1.183718173528019406e+03 1.025249630549196809e+02 2.450656346090651638e-03
1.664328379993665230e+00 1.360729873736305308e+03 9.857687845711620866e+01 2.450953305611625055e-03
1.669230594285234570e+00 1.463283682764206333e+03 9.421543567175672251e+01 2.451260985957715022e-03
1.673643051562184736e+00 1.392307400523377964e+03 9.077728079683356555e+01 1.961196290992450741e-03
1.678055991199234986e+00 1.428317721272098424e+03 1.069788712602439773e+02 2.451743346057577710e-03
1.682959765307958211e+00 1.317269024055542104e+03 9.493448497484519066e+01 2.452030762665868835e-03
1.687864085462826402e+00 1.333740414681921493e+03 1.032463056265032719e+02 2.452289392202544605e-03
1.692768903582116291e+00 1.456518329091135456e+03 9.871814306772671443e+01 2.452528727087566196e-03
1.697674224794372355e+00 1.256979695675237053e+03 1.003341522723419530e+02 2.452792485168719949e-03
1.702580049919220739e+00 1.373171647408646550e+03 9.874555632265673921e+01 2.453032639679886273e-03
1.707486348638527884e+00 1.107033078819318007e+03 1.077004820789022688e+02 2.453266079627258733e-03
1.712393107977606910e+00 1.493838437694964341e+03 1.110025890889103266e+02 2.453493259451766662e-03
1.717300320269036451e+00 1.440426303124395645e+03 9.785018280519989275e+01 2.453719031977774634e-03
1.722207980972630503e+00 1.593971947910050631e+03 1.109392199200938194e+02 2.453941671615833542e-03
1.727116057983073993e+00 1.337397937017939967e+03 1.112014534216848460e+02 2.454135338827434509e-03
1.732024548649294005e+00 1.325654819975585269e+03 1.060720091394807696e+02 2.454355327392798714e-03
1.736933445086352057e+00 1.443738580275341519e+03 1.290074970237167236e+02 2.454541109665031584e-03
1.741842719241704307e+00 1.557299705073482528e+03 1.065039096732366488e+02 2.454733045686774418e-03
1.746752373623488674e+00 1.477800352274989336e+03 1.036860880953263404e+02 2.454921336097592999e-03
1.751171352871986553e+00 1.447541441002209694e+03 1.102398271975464468e+02 1.964057912400285488e-03
1.755590649557962291e+00 1.512852057016427352e+03 1.052542658667384785e+02 2.455238773575674216e-03
1.760501294161455066e+00 1.595122176273815512e+03 1.169881186177760810e+02 2.455405829917101102e-03
1.765412273028079237e+00 1.505071025080157597e+03 1.123156265315155906e+02 2.455573036707514589e-03
1.770323569615837700e+00 1.515947532027407306e+03 1.168327407749843587e+02 2.455723551050947862e-03
1.775235181419121178e+00 1.688978152808186906e+03 1.162819484494518747e+02 2.455888252232973912e-03
1.780147089737959876e+00 1.423408782835089141e+03 1.198238584612124669e+02 2.456020066605946184e-03
1.785059276492436009e+00 1.600834757014146362e+03 1.100695583539593372e+02 2.456166687869965060e-03
1.789971749886634100e+00 1.532679780424253750e+03 1.190528181536597003e+02 2.456306706327904266e-03
1.794884491820094352e+00 1.312447519850480830e+03 1.254748854289316569e+02 2.456435227132347521e-03
1.799797495045667883e+00 1.570764205316371545e+03 1.209239289685499443e+02 2.456567998440961631e-03
1.804710745437937636e+00 1.554476386424315479e+03 1.234532877578151329e+02 2.456682393828568678e-03
1.809624234486329142e+00 1.508332068898016814e+03 1.469255850574534179e+02 2.456806654562715408e-03
1.814537948813713664e+00 1.633838007543375625e+03 1.216736458293933083e+02 2.456907672821584399e-03
1.819451879835730423e+00 1.385686720321053826e+03 1.321406777361091827e+02 2.457023349195175399e-03
1.823874607345555621e+00 1.598627403767394071e+03 1.397515411884510286e+02 1.965704160630243891e-03
1.828297516960472935e+00 1.546843390058686737e+03 1.332521984935326600e+02 2.457205454286848223e-03
1.833212023237913879e+00 1.286470224566727211e+03 1.253843283322225943e+02 2.457300823154318081e-03
1.838126728192481130e+00 1.707450564373843690e+03 1.269475025465842464e+02 2.457404131413154502e-03
1.843041615809241085e+00 1.714291406816000062e+03 1.264630713870337786e+02 2.457483485346578789e-03
1.847956661215125695e+00 1.851533263229572412e+03 1.338154539779086463e+02 2.457561920538031686e-03
1.852871879656530885e+00 1.751330445007443586e+03 1.387071213956407973e+02 2.457656520866935423e-03
1.857787261098725384e+00 1.544542622478225894e+03 1.419266566836611219e+02 2.457724921327564260e-03
1.862702779853024904e+00 1.435930134628732048e+03 1.467301908545964579e+02 2.457793832971955084e-03
1.867618446233725971e+00 1.552319042147621758e+03 1.370182096134019503e+02 2.457872547729333945e-03
1.872534255815035076e+00 2.012193982825845296e+03 1.429579736110295016e+02 2.457937033579549180e-03
1.877450191040893168e+00 1.844255938638409816e+03 1.488437302682980317e+02 2.457998192278765259e-03
1.882366245130721705e+00 1.435950907269934760e+03 1.518886627764718469e+02 2.458055897549771274e-03
1.887282411954164685e+00 1.380009834513756687e+03 1.400987334927817756e+02 2.458110925893430831e-03
1.891707045849595481e+00 2.185386955747991124e+03 1.269557415253948420e+02 1.966522969537143339e-03
1.896131770929609495e+00 1.618943891328535756e+03 1.431850954836318124e+02 2.458202110476648272e-03
1.901048240888697727e+00 1.798437433261128035e+03 1.295840285372801191e+02 2.458267848611361828e-03
1.905964801290043198e+00 1.525357813739113226e+03 1.424863022554086456e+02 2.458292552733665204e-03
1.910881438459801851e+00 1.787458469158735397e+03 1.471131710573804412e+02 2.458344617024987855e-03
1.915798163382762986e+00 1.774098505407363064e+03 1.505148191826949642e+02 2.458380305936369581e-03
1.920714971034066965e+00 1.946740722371093398e+03 1.369101827958993454e+02 2.458427345367164563e-03
1.925631840338305256e+00 1.585643368826702272e+03 1.452906256190913155e+02 2.458441958870904998e-03
1.930548774784666355e+00 1.870152207050250581e+03 1.620004381035339520e+02 2.458492487489971623e-03
1.935465789026684869e+00 1.775059898447303112e+03 1.673260403866875095e+02 2.458521754528320002e-03
1.940382859781773384e+00 1.648461887886724526e+03 1.608778466725223097e+02 2.458549000560195097e-03
1.945299983026437918e+00 1.862700869598703093e+03 1.497951778038752764e+02 2.458574244104116957e-03
1.950217154847110335e+00 1.830178135982574531e+03 1.845402116354869122e+02 2.458597576568299914e-03
1.955134371555145245e+00 1.598423782648878387e+03 1.560457181295189457e+02 2.458619131466610597e-03
1.959559900412477962e+00 1.994678261006531329e+03 1.461859825383655789e+02 1.966909725866328174e-03
1.963985483050392222e+00 1.672441531367257539e+03 1.523959720867221677e+02 2.458672912048154302e-03
1.968902826870472911e+00 1.765802789668313835e+03 1.705342509869642527e+02 2.458670908032090097e-03
1.973820184371040787e+00 1.597465908111018734e+03 1.790360477562949200e+02 2.458686592535785920e-03
1.978737591027547094e+00 2.098596420131317245e+03 1.614535077572745649e+02 2.458720063970298852e-03
1.983655033451467320e+00 1.821824347426291752e+03 1.631972011565487719e+02 2.458722359949927494e-03
1.988572492883483589e+00 2.029627773610446184e+03 1.608916823484887573e+02 2.458737072066563556e-03
1.993489986293590865e+00 1.976624054020344829e+03 1.540758773456323070e+02 2.458756338040490874e-03
1.998407509113099945e+00 1.732897778358402547e+03 1.635774064404447472e+02 2.458766481468810383e-03
2.003325051405227430e+00 1.902594411041515286e+03 1.564451300342359445e+02 2.458775810658675454e-03
2.008242598306576809e+00 1.857342938081922512e+03 1.661330124699236421e+02 2.458771090690703431e-03
2.013160162040454448e+00 1.947126992034604200e+03 1.596492416916073580e+02 2.458792643186935578e-03
2.018077767138926948e+00 1.747342069712263083e+03 2.006763614150800095e+02 2.458812455286008003e-03
2.022995385624608122e+00 2.090972087381474466e+03 1.773628889186695687e+02 2.458806030395166431e-03
2.027421245323112409e+00 1.864929233575067883e+03 1.740273600493126196e+02 1.967053668109119968e-03
2.031847119472489638e+00 1.806912924042576833e+03 1.762458209051935683e+02 2.458820481267665059e-03
2.036764773638156889e+00 1.907543090356584344e+03 1.615587784039485086e+02 2.458833684399586161e-03
2.041682447247389121e+00 1.898135367282411380e+03 1.820056177189389928e+02 2.458839924832645352e-03
2.046600126947793807e+00 1.782451557040380294e+03 1.608937053301974629e+02 2.458839775572485564e-03
2.051517829214188016e+00 1.749119380163393544e+03 2.074513668281790615e+02 2.458862490821278612e-03
2.056435543733078575e+00 1.556440149833166743e+03 1.864916194427212304e+02 2.458852028068836404e-03
2.061353272812513016e+00 1.967851638807177778e+03 1.655142684501993244e+02 2.458877051365160327e-03
2.066271034589729272e+00 2.129193942722755764e+03 1.665748221153912709e+02 2.458884725851984143e-03
2.071188799080313281e+00 1.627595266737949260e+03 1.726909919996419376e+02 2.458879764732024853e-03
2.076106574252186032e+00 1.736523732730883694e+03 1.869642120836081176e+02 2.458895407140726519e-03
2.081024380601553148e+00 1.866706009171459300e+03 1.897291091943577612e+02 2.458910942226832930e-03
2.085942211127857160e+00 1.974418776733679124e+03 1.917745914970769263e+02 2.458919584077179366e-03
2.090860062728351565e+00 1.860375631717537317e+03 1.852310646049077150e+02 2.458932016416781607e-03
2.095286148643554114e+00 1.868723543476252189e+03 1.852713509732054717e+02 1.967153898785323207e-03
2.099712266131769312e+00 1.648124775078744960e+03 1.951823846145653079e+02 2.458963589429430385e-03
2.104630199603686247e+00 1.793174068181409893e+03 1.945471358137390325e+02 2.458969882487505032e-03
2.109548155254063140e+00 1.857554884278229110e+03 1.736209528007771041e+02 2.458985767888943741e-03
2.114466151045777398e+00 1.703685370588239948e+03 1.945922448569531298e+02 2.459010023825758395e-03
2.119384181210363760e+00 2.036742681068359161e+03 1.824622685553301835e+02 2.459020140761047912e-03
2.124302255781340687e+00 1.672846389636686808e+03 2.057883975799511518e+02 2.459054430216323084e-03
2.129220378414860448e+00 1.697725386785465162e+03 2.072184424718018363e+02 2.459068203303438338e-03
2.134138533305335983e+00 1.775559292174001939e+03 2.075914115699222293e+02 2.459086687172096219e-03
2.139056743864308441e+00 1.655179589591967215e+03 1.861091055663735006e+02 2.459123871800361627e-03
2.143975015851297350e+00 1.992185021994069302e+03 1.890801059394220829e+02 2.459148115188991568e-03
2.148893342179988064e+00 1.787281184086027679e+03 1.975097177347247452e+02 2.459178213501278520e-03
2.153811740077213432e+00 1.621936894259360770e+03 2.486736884959834697e+02 2.459219683724089833e-03
2.158730205433659677e+00 2.090405127845082006e+03 2.019891614065338672e+02 2.459245672722154552e-03
2.163156872548913423e+00 1.994018310910547598e+03 2.282517582004004453e+02 1.967421442531591680e-03
2.167583613558250022e+00 1.747412287116725793e+03 2.156556160336585890e+02 2.459319566805895363e-03
2.172502288188379538e+00 1.831550585004423283e+03 2.099752357710417527e+02 2.459355063323620527e-03
2.177421037486462208e+00 1.683658173903243551e+03 2.106755232783289102e+02 2.459394234758160991e-03
2.182339883640636025e+00 1.693323085269769535e+03 2.000656000221883914e+02 2.459451919414767929e-03
2.187258837328599714e+00 1.721133860712812293e+03 1.995455483171369906e+02 2.459501768549365863e-03
2.192177893331984873e+00 1.755627923207368667e+03 2.159324015561567194e+02 2.459554234835792386e-03
2.197097050247227124e+00 2.204406604260920631e+03 1.928206036427586696e+02 2.459602680406902664e-03
2.202016319936786370e+00 1.924707103785287700e+03 2.229035416836611603e+02 2.459667009152344264e-03
2.206935715882181626e+00 1.764899766330891907e+03 2.093405628717780473e+02 2.459728936242466801e-03
2.211855239023936548e+00 1.896038011645663346e+03 2.109958279471736660e+02 2.459794205512011445e-03
2.216774896144311224e+00 2.386315877986170563e+03 2.219412181600373515e+02 2.459862914863109040e-03
2.221694694221378885e+00 2.202127422436343750e+03 2.423555711972537665e+02 2.459935162204107684e-03
2.226122634307510673e+00 2.038461077627919394e+03 2.125512273790395739e+02 1.968004923928123873e-03
2.230550712440444006e+00 1.935690274612711619e+03 2.190092266353251489e+02 2.460073209005653183e-03
2.235470941053647742e+00 1.574833192005843785e+03 2.575723672787592022e+02 2.460155404197639228e-03
2.240391351946698695e+00 2.095134092018727188e+03 2.241191190517424729e+02 2.460255488852425287e-03
2.245311940851384414e+00 2.052421140805363393e+03 2.195111961659297322e+02 2.460333415833293458e-03
2.250232707701593338e+00 2.188867323477941227e+03 2.173426317029357051e+02 2.460433434375630668e-03
2.255153667885341662e+00 1.925665217356189260e+03 2.495426073774010547e+02 2.460526749373137534e-03
2.260074824901876944e+00 2.250608031044958807e+03 2.130000698327949067e+02 2.460630267162589035e-03
2.264996202875955600e+00 1.558948613459860098e+03 2.454343290397646342e+02 2.460747706915178412e-03
2.269917807886547845e+00 2.453454947110150442e+03 2.260600560041389144e+02 2.460857303677510544e-03
2.274839632751067597e+00 1.571104601122511440e+03 2.207131010176976815e+02 2.460967560842686197e-03
2.279761695349498130e+00 2.401616072792001432e+03 2.220602565728927402e+02 2.461095037587845979e-03
2.284684012295966404e+00 2.080164102837973132e+03 3.084136129657026686e+02 2.461221908879984710e-03
2.289606579289452437e+00 2.287761195388407032e+03 2.368032675243848644e+02 2.461345084605603972e-03
2.294037107206990278e+00 2.190132222831882245e+03 2.660451956704202985e+02 1.969182832931792859e-03
2.298467894354718766e+00 2.003729210865662935e+03 2.640496886289693066e+02 2.461604314796694837e-03
2.303391242784798454e+00 2.113783248341300805e+03 2.372113753792907573e+02 2.461744115282993306e-03
2.308314888252125829e+00 1.846382128131296213e+03 2.753050053662223036e+02 2.461901352043938118e-03
2.313238839991344609e+00 1.766330249527341039e+03 2.693618660921192713e+02 2.462050387174397059e-03
2.318163107858945082e+00 1.612783517342209052e+03 2.382923096141601036e+02 2.462217480425632488e-03
2.323087704584255508e+00 2.164701199133664431e+03 2.544114327565769145e+02 2.462379244883905471e-03
2.328012647787285339e+00 1.912682663817967750e+03 2.473359555735819413e+02 2.462563958145924659e-03
2.332937936600062656e+00 2.220558498046314526e+03 2.885609441627022989e+02 2.462724854631836990e-03
2.337863586561442553e+00 2.064561880563659997e+03 2.416525142281536773e+02 2.462925106748059534e-03
2.342789628373751043e+00 1.856736248508813787e+03 2.701093651619660250e+02 2.463116705560874919e-03
2.347716048869853633e+00 2.053474427090838617e+03 2.867559550802398007e+02 2.463303790541271354e-03
2.352150144709679758e+00 2.413875309080478473e+03 2.493249658074842046e+02 1.970792049283964786e-03
2.356584608965305083e+00 1.582117129148556614e+03 2.711845263831589818e+02 2.463672206340916659e-03
2.361512175244461886e+00 2.125577637981625230e+03 2.549182195420864900e+02 2.463894072815442371e-03
2.366440184535011593e+00 2.271817712520576606e+03 2.946674138141165713e+02 2.464115217734708096e-03
2.371368641869838534e+00 2.223073517712695775e+03 2.464354854366904419e+02 2.464342117092233053e-03
2.376297553663104800e+00 2.184880478011131345e+03 2.840530138196108965e+02 2.464569676174033219e-03
2.381226938797788684e+00 1.827795676431017682e+03 3.066284077937314123e+02 2.464815458510294377e-03
2.386156816293629745e+00 2.085059630331805238e+03 2.693840588291079712e+02 2.465062037330767453e-03
2.391087193994096527e+00 1.812943726920558447e+03 2.471206749030907304e+02 2.465315663136458113e-03
2.396018094793921804e+00 1.797859391673579694e+03 2.818158463200945789e+02 2.465585136688375201e-03
2.400949525297582099e+00 2.706477357862737335e+03 2.922507888850623203e+02 2.465845366971919361e-03
2.405881491101509617e+00 2.079274596654758625e+03 3.484677909583010660e+02 2.466120436955154815e-03
2.410320707018108966e+00 1.792579721619707016e+03 3.130470455962686174e+02 1.973095479643305339e-03
2.414760446407310912e+00 2.535050305506258155e+03 3.052400796388251365e+02 2.466643909559529391e-03
2.419694029468492324e+00 2.678588722777099065e+03 2.962417507880218182e+02 2.466939151622327131e-03
2.424628201849525766e+00 2.165621700731509918e+03 3.135260452932739099e+02 2.467233229411114337e-03
2.429562980127566441e+00 2.215455921134987420e+03 2.976183706504623387e+02 2.467545048629116167e-03
2.434498406766839373e+00 2.724250031616417346e+03 3.302884148643292974e+02 2.467881590644260825e-03
2.439434479046270532e+00 2.131912407246236853e+03 2.829054245401266598e+02 2.468190688787785803e-03
2.444371214396614977e+00 2.597290118411985986e+03 2.887429549391604269e+02 2.468544661556659747e-03
2.449308627378021797e+00 1.943737072804424315e+03 3.221389916467185230e+02 2.468868319849715220e-03
2.454246734199909241e+00 2.602852083459614732e+03 3.067635107950536622e+02 2.469238502037729432e-03
2.459185563378238015e+00 2.308178397678008423e+03 3.146544072509477701e+02 2.469590676291044673e-03
2.463631084530569559e+00 2.327204098511224402e+03 3.260897797000043283e+02 1.975930476041387607e-03
2.468077281036997306e+00 2.181244475888884153e+03 3.012118901022720365e+02 2.470266030385470657e-03
2.473018196683185010e+00 2.124157147298779364e+03 3.058885102918918619e+02 2.470649615802233967e-03
2.477959887583434107e+00 2.653838947850203567e+03 3.298908202613151843e+02 2.471041284446418018e-03
2.482902370570626349e+00 2.002409934963042815e+03 3.375826113136615731e+02 2.471441702745824642e-03
2.487845663242626681e+00 2.335696153271482672e+03 3.134386758073853798e+02 2.471850969254507646e-03
2.492789783394425474e+00 2.886380272093434542e+03 3.827509670359486336e+02 2.472269182543840316e-03
2.497734749018163836e+00 2.521666934831280741e+03 3.206431028127558420e+02 2.472696441195409989e-03
2.502680578303168701e+00 2.278928228230598052e+03 3.262007580654876620e+02 2.473132843810343928e-03
2.507627289635978585e+00 1.982920637013052556e+03 3.684194964990699646e+02 2.473578489000427538e-03
2.512080058054690923e+00 2.293648465043506803e+03 3.708381260615137762e+02 1.979189929711466789e-03
2.516533652240865226e+00 2.151968679105430510e+03 3.285823026745229072e+02 2.474404256461948393e-03
2.521482952428172108e+00 2.297606115317807053e+03 3.798555212102005498e+02 2.474895930845377734e-03
2.526433207327358321e+00 1.988932246234109698e+03 3.635353687213773810e+02 2.475358968340835020e-03
2.531384416666105697e+00 2.060994826019594711e+03 3.729785586289690400e+02 2.475850370406984524e-03
2.536336637855487464e+00 2.333233662188311428e+03 3.662604605953335977e+02 2.476370818975226484e-03
2.541289872236820013e+00 3.121619871368920940e+03 3.719053750243319882e+02 2.476863562357767279e-03
2.546244138054555073e+00 2.251404778668827475e+03 3.749868439574656804e+02 2.477402255376848217e-03
2.551199462735501022e+00 2.408820008032337228e+03 3.744759928343694355e+02 2.477922425568213072e-03
2.556155853665932121e+00 2.771774989596219257e+03 4.417307700864225808e+02 2.478468504862441080e-03
2.560617503455266064e+00 2.547493088669292320e+03 3.539631876709122480e+02 1.983181284471058348e-03
2.565080142223337134e+00 2.051009728792721035e+03 3.605402354397797353e+02 2.479457483599567524e-03
2.570039647724393195e+00 1.736035976811064756e+03 3.670282798177140648e+02 2.480048017456049081e-03
2.575000324924218820e+00 2.345984156680911838e+03 3.711492027456720280e+02 2.480629182369575858e-03
2.579962175134483893e+00 2.263747735406952415e+03 3.773199794320166802e+02 2.481221027895941234e-03
2.584925218484258380e+00 2.741026949245398100e+03 3.866370953848349927e+02 2.481822321878102144e-03
2.589889469596345251e+00 2.491440954505677837e+03 4.287676899380207942e+02 2.482428790208768277e-03
2.594854960130259514e+00 2.638995236649436720e+03 4.080473255450656325e+02 2.483061743705494706e-03
2.599324922400273685e+00 2.737499569837295894e+03 4.451047648407693487e+02 1.986900526308676973e-03
2.603796036593771568e+00 2.198953482933234227e+03 4.426903680162263299e+02 2.484213667189205665e-03
2.608765119665243049e+00 2.242866182701156504e+03 4.324710162460899028e+02 2.484869404282274985e-03
2.613735525561803108e+00 2.634891382746207910e+03 3.689337143961402035e+02 2.485536492277340415e-03
2.618707277083778262e+00 2.309547209308868332e+03 3.942155015954408555e+02 2.486215029697369516e-03
2.623680397228521421e+00 2.727097645643622400e+03 4.413841838082466893e+02 2.486905115046234016e-03
2.628654909190377253e+00 2.905591417832597472e+03 3.908889683023517136e+02 2.487606846809153893e-03
2.633630836360631999e+00 2.705627001988898883e+03 4.208762381582323542e+02 2.488320323445591953e-03
2.638110338467529736e+00 2.575892282511589656e+03 5.031638425936380372e+02 1.991181783451256848e-03
2.642591154744793336e+00 2.830909318605296903e+03 4.165868262469693946e+02 2.489634493812342697e-03
2.647571170618293834e+00 3.436009187481074150e+03 4.337052405106096558e+02 2.490381379688599850e-03
2.652552692382307065e+00 2.083622748847948969e+03 4.311533980676742885e+02 2.491140384324630475e-03
2.657535744372660602e+00 3.316929739360438361e+03 4.260981239190327869e+02 2.491911606028907045e-03
2.662520351121759443e+00 1.851960081111096315e+03 4.327829620242082456e+02 2.492695143069489916e-03
2.667506537477224882e+00 2.223866663749422969e+03 4.114466085090004981e+02 2.493491212395948509e-03
2.671995407254502464e+00 2.493223669183680613e+03 4.815669748766390512e+02 1.995378564882077654e-03
2.676485741591467349e+00 2.034237352177518005e+03 4.357355838114817743e+02 2.494955772083251588e-03
2.681476484321479781e+00 2.870534733793628220e+03 4.427338804275955226e+02 2.495786957928736172e-03
2.686468902206223142e+00 2.640546968735786777e+03 4.396656177738900624e+02 2.496630926815068818e-03
2.691463020909643955e+00 2.918609743113203422e+03 4.584018657697147319e+02 2.497487776606188703e-03
2.696458855008726729e+00 2.071006210249721789e+03 4.495577319271355918e+02 2.498346322476585613e-03
2.701456441839154898e+00 1.855868448055646695e+03 4.703803165410631664e+02 2.499240507951139278e-03
2.705955715047161814e+00 2.752114300795708914e+03 5.139872258342279565e+02 2.000032700055331958e-03
2.710456610744612416e+00 2.188625250881736974e+03 4.711006221412380910e+02 2.500862997395270071e-03
2.715459256777433161e+00 2.873496222015527565e+03 4.757327934582244779e+02 2.501783035425475532e-03
2.720463745148761436e+00 1.728264655896967724e+03 4.504771553137416049e+02 2.502705335902799533e-03
2.725470106078149435e+00 2.168318990791168744e+03 5.283414870666854313e+02 2.503655593485198949e-03
2.730478385579683476e+00 2.889738518724304868e+03 4.641693989428158602e+02 2.504623908048841940e-03
2.734987413662537836e+00 2.757910557770598643e+03 5.662270101120143408e+02 2.004404174805518579e-03
2.739498195076051967e+00 2.888378714281527209e+03 4.971418867542715816e+02 2.506377238708612509e-03
2.744511951307130104e+00 1.309012691171529696e+03 5.135531745430153023e+02 2.507378992368636261e-03
2.749527731834453537e+00 2.050830311058361985e+03 5.109138504870416000e+02 2.508401534955240209e-03
2.754545562508142975e+00 2.587834307782556152e+03 5.329677827951963991e+02 2.509429138734642351e-03
2.759565462597464158e+00 2.285427320957920983e+03 5.225373049471436389e+02 2.510470950586540795e-03
2.764085073256991709e+00 2.613195556415033479e+03 5.986609609640252074e+02 2.009139708940566038e-03
2.768606595118826785e+00 3.264427915247034889e+03 5.235640713636744294e+02 2.512382152894510057e-03
2.773632442544694765e+00 3.047527569440695515e+03 5.198806094054739333e+02 2.513465272974357845e-03
2.778660468932391936e+00 2.745822561570105790e+03 5.767396333716433219e+02 2.514561114723257162e-03
2.783690712644687704e+00 2.929875223361519147e+03 5.509781089627836081e+02 2.515682597572954649e-03
2.788723203242395421e+00 3.391650480601922027e+03 6.133658800283128585e+02 2.516808000135650758e-03
2.793254285119575187e+00 1.269091216163636773e+03 6.586520592263068465e+02 2.014273877044558958e-03
2.797787431375433620e+00 2.141824124430826942e+03 6.221731150076807353e+02 2.518872378813874491e-03
2.802826364737344367e+00 3.480090862582521822e+03 6.115075998430102118e+02 2.520060983096872320e-03
2.807867667519460930e+00 2.598095768469778250e+03 6.196932426034297805e+02 2.521241799020579322e-03
2.812911352753473704e+00 2.624539077728819393e+03 5.844904502639674320e+02 2.522443434992638345e-03
2.817452631544107078e+00 3.066085505841537270e+03 6.589859282983252342e+02 2.018835355641179774e-03
2.821996124190901067e+00 2.738097999188078575e+03 6.300135839034965102e+02 2.524657291152809790e-03
2.827046690140669671e+00 2.451188235191081731e+03 6.416188462443305980e+02 2.525908658615794167e-03
