# wavelength [um]         Fp/Fs [ppm]              Fp/Fs error [ppm]        half-bin width [um]
8.744405508041381836e-01 5.368529489784340285e+02 7.787186811744936676e+01 2.224564552307128906e-03
8.793382644653320312e-01 5.855302258129356687e+02 6.927451707191846708e+01 2.673149108886718750e-03
8.842421770095825195e-01 5.571332312742690647e+02 7.686956628937468849e+01 2.230763435363769531e-03
8.891536295413970947e-01 5.825495971432844726e+02 6.762604321308060662e+01 2.680689096450805664e-03
8.940713405609130859e-01 6.406112680699555995e+02 6.422183914166441809e+01 2.237021923065185547e-03
8.985479772090911865e-01 6.009906427449764124e+02 7.478942509007731587e+01 2.239614725112915039e-03
9.034788608551025391e-01 6.149740428047537080e+02 6.603714802017861984e+01 2.691268920898437500e-03
9.084159433841705322e-01 5.447615003750564711e+02 6.762669189063467456e+01 2.245813608169555664e-03
9.133602678775787354e-01 5.470346612427214268e+02 6.510331442343095887e+01 2.698510885238647461e-03
9.183104336261749268e-01 5.031560233780431304e+02 6.443310273735136207e+01 2.251654863357543945e-03
9.228162169456481934e-01 5.240223973756010309e+02 6.373036170470044226e+01 2.254128456115722656e-03
9.277791082859039307e-01 5.028998414086993307e+02 6.404359224931698691e+01 2.708762884140014648e-03
9.327477514743804932e-01 5.789441970025020510e+02 6.268618575182210861e+01 2.259880304336547852e-03
9.372703433036804199e-01 6.268233739092574979e+02 7.385658358999751272e+01 2.262711524963378906e-03
9.422514438629150391e-01 6.528417937037695538e+02 5.658607034478313835e+01 2.718389034271240234e-03
9.472381174564361572e-01 5.592311549013861622e+02 7.030339223893298595e+01 2.268284559249877930e-03
9.517770707607269287e-01 5.086063894071093046e+02 6.429034075333578357e+01 2.270668745040893555e-03
9.567757844924926758e-01 6.007300068463259777e+02 5.990035099894703308e+01 2.728044986724853516e-03
9.617799818515777588e-01 6.029952449958320813e+02 6.561431206729446330e+01 2.276152372360229492e-03
9.663346707820892334e-01 5.470206268283768622e+02 6.134183411570677436e+01 2.278536558151245117e-03
9.713506996631622314e-01 6.048278541036405613e+02 5.963510501561484034e+01 2.737492322921752930e-03
9.763720929622650146e-01 5.937617353903757476e+02 6.239103447686898107e+01 2.283900976181030273e-03
9.809421300888061523e-01 6.650004296625941151e+02 6.165350711228734326e+01 2.286136150360107422e-03
9.855166673660278320e-01 6.499381203605312294e+02 6.014478083151004739e+01 2.288401126861572266e-03
9.905544221401214600e-01 6.218007893516689819e+02 5.579180945574432826e+01 2.749353647232055664e-03
9.955973625183105469e-01 5.967866797120074125e+02 5.633045484876765840e+01 2.293586730957031250e-03
1.000186920166015625e+00 6.923757035757566882e+02 6.313646455082187003e+01 2.295970916748046875e-03
1.004780888557434082e+00 5.086187826950906583e+02 6.058621466556854784e+01 2.297997474670410156e-03
1.009839653968811035e+00 7.877048036739780628e+02 5.568494870229380922e+01 2.760767936706542969e-03
1.014903426170349121e+00 7.716697168952103993e+02 6.079738392198669317e+01 2.303004264831542969e-03
1.019511640071868896e+00 7.604086131625698499e+02 5.796687203190344917e+01 2.305209636688232422e-03
1.024124324321746826e+00 6.647340217819704549e+02 5.593646768549263015e+01 2.307474613189697266e-03
1.029203355312347412e+00 7.204792896485751044e+02 5.641782063787002244e+01 2.771556377410888672e-03
1.034286975860595703e+00 7.165837600497179665e+02 6.001887127513953146e+01 2.312064170837402344e-03
1.038913249969482422e+00 6.764222164445909584e+02 5.674833032495803309e+01 2.314209938049316406e-03
1.043543756008148193e+00 7.251511113348294657e+02 6.170222578176947081e+01 2.316296100616455078e-03
1.048642158508300781e+00 7.146288739496264952e+02 5.461544947681454687e+01 2.782106399536132812e-03
1.053745090961456299e+00 7.391743185156005893e+02 5.528868499305326623e+01 2.320826053619384766e-03
1.058388531208038330e+00 7.416265139021204504e+02 5.803301793021284993e+01 2.322614192962646484e-03
1.063035964965820312e+00 8.190918287313359087e+02 6.101976148313235626e+01 2.324819564819335938e-03
1.067687571048736572e+00 7.704040414998058850e+02 5.370887928278182244e+01 2.326786518096923828e-03
1.072808980941772461e+00 7.496096114108171378e+02 5.188228049922201990e+01 2.794623374938964844e-03
1.077934563159942627e+00 8.064317845056689293e+02 5.816950784396055951e+01 2.330958843231201172e-03
1.082598388195037842e+00 6.751521380744216003e+02 5.276842828468136304e+01 2.332866191864013672e-03
1.087266206741333008e+00 7.764684085470111086e+02 5.538856740937887935e+01 2.334952354431152344e-03
1.091937780380249023e+00 6.819676095049968580e+02 5.689719333135451507e+01 2.336621284484863281e-03
1.096612930297851562e+00 7.109282861844337731e+02 5.728767619962479785e+01 2.338528633117675781e-03
1.101760089397430420e+00 7.662141045214672204e+02 4.773567754200155377e+01 2.808630466461181641e-03
1.106911420822143555e+00 8.425943990209211734e+02 5.425789606686123534e+01 2.342700958251953125e-03
1.111598432064056396e+00 8.422104019724839645e+02 5.612925776255713117e+01 2.344310283660888672e-03
1.116288840770721436e+00 8.631838547136673014e+02 5.397227805287388946e+01 2.346098423004150391e-03
1.120982825756072998e+00 8.019061871435092144e+02 5.742749877575249684e+01 2.347886562347412109e-03
1.125680387020111084e+00 8.131236381455821629e+02 5.110810834769404210e+01 2.349674701690673828e-03
1.130381345748901367e+00 8.637036948755034018e+02 5.376214373484310727e+01 2.351284027099609375e-03
1.135556578636169434e+00 8.277766303995947510e+02 4.870301986021536322e+01 2.823948860168457031e-03
1.140735566616058350e+00 7.593410803592631737e+02 5.689948202799700994e+01 2.355039119720458984e-03
1.145447373390197754e+00 8.943146981097693242e+02 5.500134478697259510e+01 2.356767654418945312e-03
1.150162458419799805e+00 7.045201449239225440e+02 5.874158017533636666e+01 2.358317375183105469e-03
1.154880881309509277e+00 8.757329059002325948e+02 5.611441501205501936e+01 2.360105514526367188e-03
1.159602582454681396e+00 9.088812092073276290e+02 5.566284780698720169e+01 2.361595630645751953e-03
1.164327383041381836e+00 7.580015507393381995e+02 5.439186875765517470e+01 2.363204956054687500e-03
1.169055402278900146e+00 8.041748345648829854e+02 5.639520693085455605e+01 2.364814281463623047e-03
1.174259960651397705e+00 8.698000290270261985e+02 5.080912418779394102e+01 2.839744091033935547e-03
1.179467797279357910e+00 8.787124808565122294e+02 5.781549722726424534e+01 2.368092536926269531e-03
1.184205770492553711e+00 8.820524028905182377e+02 5.457113679856934141e+01 2.369880676269531250e-03
1.188946843147277832e+00 9.775837798992989747e+02 4.931065195303108339e+01 2.371191978454589844e-03
1.193690657615661621e+00 8.893562422800308696e+02 5.687970779007650890e+01 2.372622489929199219e-03
1.198437511920928955e+00 8.846207946622550935e+02 5.426127583169909485e+01 2.374231815338134766e-03
1.203187286853790283e+00 9.398570935812460903e+02 5.326764921719666290e+01 2.375543117523193359e-03
1.207939863204956055e+00 9.655083863614050870e+02 5.576943210941351481e+01 2.377033233642578125e-03
1.212695360183715820e+00 9.215237848718483065e+02 5.229787295667722447e+01 2.378463745117187500e-03
1.217453658580780029e+00 8.364089531365993935e+02 5.665531908699756514e+01 2.379834651947021484e-03
1.222214698791503906e+00 9.303480274975127031e+02 5.520750535180411589e+01 2.381205558776855469e-03
1.226978600025177002e+00 9.641977228351950089e+02 5.772610671342567912e+01 2.382695674896240234e-03
1.232222199440002441e+00 9.048808735452058727e+02 4.946748960856450594e+01 2.860903739929199219e-03
1.237468540668487549e+00 9.133462231003684337e+02 5.618760208930314093e+01 2.385437488555908203e-03
1.242240905761718750e+00 9.380253447053396485e+02 5.152586778497061459e+01 2.386927604675292969e-03
1.247016012668609619e+00 9.823541509695749028e+02 5.881010733152174907e+01 2.388179302215576172e-03
1.251793742179870605e+00 9.365926826824480713e+02 5.563466778678048286e+01 2.389550209045410156e-03
1.256573915481567383e+00 9.521776039497863167e+02 5.511212756310385430e+01 2.390623092651367188e-03
1.261356472969055176e+00 9.796002161907765640e+02 5.634226116259878836e+01 2.391934394836425781e-03
1.266141772270202637e+00 8.690275730900442568e+02 5.678139307262506463e+01 2.393364906311035156e-03
1.270929455757141113e+00 8.982989980031098867e+02 5.575991208100651875e+01 2.394318580627441406e-03
1.275719404220581055e+00 9.972421513168615093e+02 5.982446768441718632e+01 2.395629882812500000e-03
1.280511975288391113e+00 9.176967384075885548e+02 6.193519971211730990e+01 2.396941184997558594e-03
1.285306811332702637e+00 1.162774321493712705e+03 7.462255174626443477e+01 2.397894859313964844e-03
1.290103912353515625e+00 9.961767950545065560e+02 5.905276525463489179e+01 2.399206161499023438e-03
1.294903337955474854e+00 9.513673620838039824e+02 6.117734492267800306e+01 2.400219440460205078e-03
1.299704968929290771e+00 1.091721807863186541e+03 6.360998428986044928e+01 2.401411533355712891e-03
1.304509043693542480e+00 1.060536850677045095e+03 5.868096801591980238e+01 2.402663230895996094e-03
1.309315323829650879e+00 1.081607491946074106e+03 5.791570185862190101e+01 2.403616905212402344e-03
1.314123749732971191e+00 1.124347285919189289e+03 5.957021070516884720e+01 2.404808998107910156e-03
1.318934261798858643e+00 8.752306571933506802e+02 6.011564827129143396e+01 2.405703067779541016e-03
1.323746860027313232e+00 8.999762712784915948e+02 6.163310496753047119e+01 2.406895160675048828e-03
1.328561782836914062e+00 9.557992482216762937e+02 6.036237089451515203e+01 2.408027648925781250e-03
1.333378791809082031e+00 9.985939992429963468e+02 6.202659861772747263e+01 2.408981323242187500e-03
1.338197588920593262e+00 8.843880898921158860e+02 5.981926966806599921e+01 2.409815788269042969e-03
1.343018352985382080e+00 1.032973440174953794e+03 5.796616739018804765e+01 2.410948276519775391e-03
1.347841441631317139e+00 1.043257086647516417e+03 5.893882977323914929e+01 2.412140369415283203e-03
1.352666437625885010e+00 1.033344438094396310e+03 6.015652452537290173e+01 2.412855625152587891e-03
1.357492923736572266e+00 1.041331067331384475e+03 6.449528710728611713e+01 2.413630485534667969e-03
1.362321734428405762e+00 1.134933724059854285e+03 5.936925155870380877e+01 2.415180206298828125e-03
1.367152512073516846e+00 1.092698471289304962e+03 6.138714130315293005e+01 2.415597438812255859e-03
1.371984720230102539e+00 1.107868712903894675e+03 6.405031976839381969e+01 2.416610717773437500e-03
1.376819074153900146e+00 1.154225007661749942e+03 6.412700846918323805e+01 2.417743206024169922e-03
1.381655335426330566e+00 1.083191405826272558e+03 6.263350760721004917e+01 2.418518066406250000e-03
1.386493027210235596e+00 1.112124450109383133e+03 6.483042982944971300e+01 2.419173717498779297e-03
1.391332447528839111e+00 1.069235749852247409e+03 6.329224396744655223e+01 2.420246601104736328e-03
1.396173655986785889e+00 1.148943907060657011e+03 6.445749875494175285e+01 2.420961856842041016e-03
1.401016592979431152e+00 1.085288823882399811e+03 6.618356682150124470e+01 2.421975135803222656e-03
1.405861258506774902e+00 1.126113560619526879e+03 6.425867077234306635e+01 2.422690391540527344e-03
1.410707592964172363e+00 1.205102086647072838e+03 6.075543705681093343e+01 2.423644065856933594e-03
1.415555596351623535e+00 1.275660623449721697e+03 6.748583188874681582e+01 2.424359321594238281e-03
1.420404911041259766e+00 1.274997797587948071e+03 6.780465191709754436e+01 2.424955368041992188e-03
1.425255835056304932e+00 1.148458302594767702e+03 6.683479120146921559e+01 2.425968647003173828e-03
1.430108726024627686e+00 1.153708034426076665e+03 6.749160876052678759e+01 2.426922321319580078e-03
1.434962749481201172e+00 1.124726910581868424e+03 6.492110204886034808e+01 2.427101135253906250e-03
1.439818084239959717e+00 1.225011247010438410e+03 6.891836299584974768e+01 2.428233623504638672e-03
1.444675326347351074e+00 1.172188830495417960e+03 7.017921792048900897e+01 2.429008483886718750e-03
1.449534118175506592e+00 1.239860477185771515e+03 7.014482016065176140e+01 2.429783344268798828e-03
1.454394102096557617e+00 1.280374121717621392e+03 6.747049491720144943e+01 2.430200576782226562e-03
1.459255158901214600e+00 1.286882224002647035e+03 6.855974601955517755e+01 2.430856227874755859e-03
1.464117705821990967e+00 1.295681598205442242e+03 6.821298092898018695e+01 2.431690692901611328e-03
1.468981683254241943e+00 1.171125804736229384e+03 6.997410821075641252e+01 2.432286739349365234e-03
1.473847150802612305e+00 1.328936242936559665e+03 7.061212098941336990e+01 2.433180809020996094e-03
1.478713989257812500e+00 1.344371727561898979e+03 6.659598086678920481e+01 2.433657646179199219e-03
1.483581900596618652e+00 1.167751471748942095e+03 7.093391039078210270e+01 2.434253692626953125e-03
1.488451242446899414e+00 1.304638016715000958e+03 7.572823712037165933e+01 2.435088157653808594e-03
1.493321955204010010e+00 1.259083553250774457e+03 7.305586172883931795e+01 2.435624599456787109e-03
1.498193562030792236e+00 1.224491013790736133e+03 6.872702872593959000e+01 2.435982227325439453e-03
1.503066420555114746e+00 1.142838996750900378e+03 7.576476677582081720e+01 2.436876296997070312e-03
1.507940351963043213e+00 1.238872268408578748e+03 7.550268136947534003e+01 2.437055110931396484e-03
1.512815594673156738e+00 1.305067298297476327e+03 7.897629501285155129e+01 2.438187599182128906e-03
1.517692089080810547e+00 1.345402503450505037e+03 7.630069652559154747e+01 2.438306808471679688e-03
1.522569537162780762e+00 1.337962799949602868e+03 8.093892589885308553e+01 2.439141273498535156e-03
1.526960194110870361e+00 1.334016916557950935e+03 8.127432898153551832e+01 1.951515674591064453e-03
1.531351625919342041e+00 1.308608435666541936e+03 7.459540198731247074e+01 2.439916133880615234e-03
1.536232233047485352e+00 1.328785325154893144e+03 7.563516903973413719e+01 2.440690994262695312e-03
1.541113913059234619e+00 1.263441541677754230e+03 8.144008000382973478e+01 2.440989017486572266e-03
1.545996427536010742e+00 1.258705416128258776e+03 7.318036062862552171e+01 2.441525459289550781e-03
1.550879836082458496e+00 1.166293505344041705e+03 7.730252381166383202e+01 2.441883087158203125e-03
1.555764377117156982e+00 1.297415004219033563e+03 7.849522353048087098e+01 2.442657947540283203e-03
1.560649693012237549e+00 1.434350559524928940e+03 7.383202043302048878e+01 2.442657947540283203e-03
1.565535783767700195e+00 1.321634095638530425e+03 7.874256333608309433e+01 2.443432807922363281e-03
1.570423245429992676e+00 1.268753890509251733e+03 8.274349941084756210e+01 2.444028854370117188e-03
1.575311481952667236e+00 1.250831103982191735e+03 7.561718194394711645e+01 2.444207668304443359e-03
1.580200552940368652e+00 1.318154239518208669e+03 8.408849520443391157e+01 2.444863319396972656e-03
1.585090577602386475e+00 1.391239278724342739e+03 7.672909387876211440e+01 2.445161342620849609e-03
1.589981257915496826e+00 1.361366941847674298e+03 7.736689755809288727e+01 2.445518970489501953e-03
1.594873011112213135e+00 1.347622233177630278e+03 8.173129267405988685e+01 2.446234226226806641e-03
1.599765360355377197e+00 1.187374209555894140e+03 8.428111235835262960e+01 2.446115016937255859e-03
1.604658424854278564e+00 1.397599809954142984e+03 8.144333747198402307e+01 2.446949481964111328e-03
1.609552562236785889e+00 1.312786032753991094e+03 8.415385301413948582e+01 2.447187900543212891e-03
1.613957881927490234e+00 1.318642919975551649e+03 9.741950460016596480e+01 1.958131790161132812e-03
1.618363738059997559e+00 1.316536146547274484e+03 8.741922519880586151e+01 2.447724342346191406e-03
1.623259842395782471e+00 1.331347948640674986e+03 9.220012741521622956e+01 2.448379993438720703e-03
1.628156542778015137e+00 1.221169386982825017e+03 8.757625336436422003e+01 2.448320388793945312e-03
1.633053779602050781e+00 1.209420182955547261e+03 8.495309586609482722e+01 2.448916435241699219e-03
1.637951850891113281e+00 1.281000889905051508e+03 8.668540627055608638e+01 2.449154853820800781e-03
1.642850816249847412e+00 1.432825089314482739e+03 8.843364872012989508e+01 2.449810504913330078e-03
1.647750377655029297e+00 1.247957893058421632e+03 8.707734481996749309e+01 2.449750900268554688e-03
1.652650415897369385e+00 1.359203748971391178e+03 8.632715835128919935e+01 2.450287342071533203e-03
1.657550930976867676e+00 1.300365471365102621e+03 8.549213440730432012e+01 2.450227737426757812e-03
1.662451982498168945e+00 1.462619111327773226e+03 9.179497073720199296e+01 2.450823783874511719e-03
1.667353868484497070e+00 1.253977345903095966e+03 9.181813701858186505e+01 2.451062202453613281e-03
1.672256529331207275e+00 1.424149411296199560e+03 8.886633446658879620e+01 2.451598644256591797e-03
1.677159667015075684e+00 1.249030709966456243e+03 8.847460893761649459e+01 2.451539039611816406e-03
1.681572556495666504e+00 1.449360922441191178e+03 1.055536855736861526e+02 1.961350440979003906e-03
1.685986161231994629e+00 1.458978411916845289e+03 9.385861226491851994e+01 2.452254295349121094e-03
1.690890789031982422e+00 1.379934221389316008e+03 9.421286850993965345e+01 2.452373504638671875e-03
1.695795834064483643e+00 1.533220228013687574e+03 1.000332616248106206e+02 2.452671527862548828e-03
1.700701355934143066e+00 1.377905331483597820e+03 9.728303709917145170e+01 2.452850341796875000e-03
1.705607175827026367e+00 1.274953603802970065e+03 1.032374343155033785e+02 2.452969551086425781e-03
1.710513412952423096e+00 1.452678538560209745e+03 1.019772115242872133e+02 2.453267574310302734e-03
1.715420126914978027e+00 1.283274318877082123e+03 9.496690813858708680e+01 2.453446388244628906e-03
1.720327436923980713e+00 1.365234748198356101e+03 9.193352887331343481e+01 2.453863620758056641e-03
1.725235104560852051e+00 1.221183452262982428e+03 1.011475910778572143e+02 2.453804016113281250e-03
1.730143129825592041e+00 1.535165356406676665e+03 1.090466110518714231e+02 2.454221248626708984e-03
1.735051751136779785e+00 1.465748414154265902e+03 9.057816032329969858e+01 2.454400062561035156e-03
1.739960730075836182e+00 1.662381559884672470e+03 9.259675060009203662e+01 2.454578876495361328e-03
1.744378864765167236e+00 1.443233279604846757e+03 1.141313221642792541e+02 1.963555812835693359e-03
1.748797237873077393e+00 1.459929506097354533e+03 1.018936405228196236e+02 2.454817295074462891e-03
1.753706991672515869e+00 1.436810969961723004e+03 1.077619998475890952e+02 2.454936504364013672e-03
1.758617401123046875e+00 1.604435714841430809e+03 1.054830498644437284e+02 2.455472946166992188e-03
1.763528108596801758e+00 1.440190553258985801e+03 1.016045509613202285e+02 2.455234527587890625e-03
1.768438756465911865e+00 1.539555587189577182e+03 1.018180544008957895e+02 2.455413341522216797e-03
1.773349940776824951e+00 1.508793996969041245e+03 1.024020172836328584e+02 2.455770969390869141e-03
1.778261363506317139e+00 1.653091172776161329e+03 9.588681383542734693e+01 2.455651760101318359e-03
1.783173024654388428e+00 1.546708277799512643e+03 1.014728751028310398e+02 2.456009387969970703e-03
1.788085222244262695e+00 1.604970831953491597e+03 1.006406100511433124e+02 2.456188201904296875e-03
1.792997360229492188e+00 1.634718423101142434e+03 1.102035257424734027e+02 2.455949783325195312e-03
1.797909617424011230e+00 1.697070061618486307e+03 1.165483121314873642e+02 2.456307411193847656e-03
1.802822470664978027e+00 1.545655796591372564e+03 1.112185181914221630e+02 2.456545829772949219e-03
1.807244122028350830e+00 1.719171376124817243e+03 1.189696874727621889e+02 1.965105533599853516e-03
1.811665892601013184e+00 1.452189717235729177e+03 1.100020376782258609e+02 2.456665039062500000e-03
1.816579282283782959e+00 1.443974207648844640e+03 1.115334487880713823e+02 2.456724643707275391e-03
1.821493208408355713e+00 1.509923430483678203e+03 1.070158001314293870e+02 2.457201480865478516e-03
1.826407253742218018e+00 1.597512257856867564e+03 1.183794019939923601e+02 2.456843852996826172e-03
1.831321120262145996e+00 1.626319558081959485e+03 1.273094899008251559e+02 2.457022666931152344e-03
1.836235165596008301e+00 1.699224298406412345e+03 1.151880250698316104e+02 2.457022666931152344e-03
1.841149270534515381e+00 1.642170514644048808e+03 1.129333250924903496e+02 2.457082271575927734e-03
1.846063911914825439e+00 1.669218944301344436e+03 1.229778391403658588e+02 2.457559108734130859e-03
1.850978732109069824e+00 1.376871452139538633e+03 1.103282727832149703e+02 2.457261085510253906e-03
1.855893671512603760e+00 1.652658800858755285e+03 1.219856612000917266e+02 2.457678318023681641e-03
1.860808730125427246e+00 1.496394254033125662e+03 1.242126625076996334e+02 2.457380294799804688e-03
1.865232288837432861e+00 1.879165436171654164e+03 1.444713509046196123e+02 1.966178417205810547e-03
1.869655907154083252e+00 1.735281819035882336e+03 1.274777773830048773e+02 2.457439899444580078e-03
1.874571204185485840e+00 1.641151022138256849e+03 1.226566560167050284e+02 2.457857131958007812e-03
1.879486620426177979e+00 1.602061647746834979e+03 1.286132748687489311e+02 2.457559108734130859e-03
1.884402155876159668e+00 1.542871078240162433e+03 1.242536649074158959e+02 2.457976341247558594e-03
1.889318048954010010e+00 2.143040306108920504e+03 1.196322922613983337e+02 2.457916736602783203e-03
1.894233703613281250e+00 1.931859139794667954e+03 1.451113550294460310e+02 2.457737922668457031e-03
1.899149537086486816e+00 1.779410023001818672e+03 1.164125448886697995e+02 2.458095550537109375e-03
1.904065728187561035e+00 1.551488994072802598e+03 1.287687684423628980e+02 2.458095550537109375e-03
1.908981621265411377e+00 1.938645779003997177e+03 1.176886733223964256e+02 2.457797527313232422e-03
1.913897633552551270e+00 1.841842237671161229e+03 1.248779883043657719e+02 2.458214759826660156e-03
1.918814063072204590e+00 1.728642602961817602e+03 1.204234605518684020e+02 2.458214759826660156e-03
1.923238754272460938e+00 1.621180228824696314e+03 1.393996454416310371e+02 1.966476440429687500e-03
1.927663564682006836e+00 1.816707538625948700e+03 1.406405259373950685e+02 2.458333969116210938e-03
1.932580113410949707e+00 1.573845575324933407e+03 1.334572394582460220e+02 2.458214759826660156e-03
1.937496244907379150e+00 2.017887014814779150e+03 1.274254835827994157e+02 2.457916736602783203e-03
1.942412555217742920e+00 1.553307172260554580e+03 1.605375980063433872e+02 2.458393573760986328e-03
1.947329282760620117e+00 1.833856476766361311e+03 1.356519501018833580e+02 2.458333969116210938e-03
1.952245950698852539e+00 1.894102754365785586e+03 1.373656714305350306e+02 2.458333969116210938e-03
1.957162678241729736e+00 1.867412716734770584e+03 1.476868822153519432e+02 2.458393573760986328e-03
1.962079405784606934e+00 1.918437294195975483e+03 1.438630144900168943e+02 2.458333969116210938e-03
1.966996192932128906e+00 2.045225383229571662e+03 1.359363241026956075e+02 2.458453178405761719e-03
1.971913099288940430e+00 1.664961793609560118e+03 1.313857778363392299e+02 2.458453178405761719e-03
1.976338148117065430e+00 1.783923898398306619e+03 1.636404622631991970e+02 1.966595649719238281e-03
1.980763196945190430e+00 1.978374758755092444e+03 1.321108995159122514e+02 2.458453178405761719e-03
1.985680162906646729e+00 1.923466698294650541e+03 1.493238044014715342e+02 2.458512783050537109e-03
1.990596711635589600e+00 1.932380972297678454e+03 1.464264999952408743e+02 2.458035945892333984e-03
1.995513260364532471e+00 2.041587991416272189e+03 1.352351805398684519e+02 2.458512783050537109e-03
2.000430226325988770e+00 2.037994362616575245e+03 1.452560018474314347e+02 2.458453178405761719e-03
2.005347132682800293e+00 2.029579447535731106e+03 1.460679653075001170e+02 2.458453178405761719e-03
2.010264039039611816e+00 2.128171578957296333e+03 1.445302250928373269e+02 2.458453178405761719e-03
2.015181064605712891e+00 1.932321520315066891e+03 1.507383245143867043e+02 2.458572387695312500e-03
2.020098209381103516e+00 1.842199267884795518e+03 1.407422011189073601e+02 2.458572387695312500e-03
2.025015234947204590e+00 2.075532145344608125e+03 1.319068240534222696e+02 2.458453178405761719e-03
2.029932141304016113e+00 1.889819333546794724e+03 1.619503695048608733e+02 2.458453178405761719e-03
2.034357309341430664e+00 1.755264666898002815e+03 1.470378045901491078e+02 1.966714859008789062e-03
2.038782596588134766e+00 2.270694862127190390e+03 1.334659883532071945e+02 2.458572387695312500e-03
2.043699741363525391e+00 1.912864371502537779e+03 1.533696435775232203e+02 2.458572387695312500e-03
2.048616886138916016e+00 1.871264261033189996e+03 1.465883559297560623e+02 2.458572387695312500e-03
2.053533911705017090e+00 1.997598863240974424e+03 1.639672840122050275e+02 2.458453178405761719e-03
2.058450937271118164e+00 2.068953683630501928e+03 1.538975120032423547e+02 2.458572387695312500e-03
2.063368082046508789e+00 1.908866932907037381e+03 1.439664105187555379e+02 2.458572387695312500e-03
2.068285107612609863e+00 1.692967518391005115e+03 1.550427889384748141e+02 2.458453178405761719e-03
2.073202133178710938e+00 1.743127718496201851e+03 1.472571508922430894e+02 2.458572387695312500e-03
2.078119277954101562e+00 2.132458623864225501e+03 1.558904342391710998e+02 2.458572387695312500e-03
2.083036422729492188e+00 2.108139636354449067e+03 1.529696751250121451e+02 2.458572387695312500e-03
2.087461829185485840e+00 1.999682717639045904e+03 1.781876817033564748e+02 1.966834068298339844e-03
2.091887235641479492e+00 1.992622605737285085e+03 1.674912857259732846e+02 2.458572387695312500e-03
2.096804380416870117e+00 1.770426176312248344e+03 1.449588150063850662e+02 2.458572387695312500e-03
2.101721525192260742e+00 2.019640027409945105e+03 1.626698222358511430e+02 2.458572387695312500e-03
2.106638789176940918e+00 1.909173778381962848e+03 1.674796626517213554e+02 2.458691596984863281e-03
2.111556172370910645e+00 1.884688703135058631e+03 1.574149569967507887e+02 2.458691596984863281e-03
2.116473555564880371e+00 1.743531309816338535e+03 1.728405259947824106e+02 2.458691596984863281e-03
2.121390938758850098e+00 1.791596910234471807e+03 2.175241864916224586e+02 2.458691596984863281e-03
2.126308560371398926e+00 2.138130830076205712e+03 1.629266095187711016e+02 2.458930015563964844e-03
2.131226181983947754e+00 1.843249844344905341e+03 1.699681374980305009e+02 2.458691596984863281e-03
2.136143684387207031e+00 1.738023641468895448e+03 1.678027522863014838e+02 2.458810806274414062e-03
2.141061186790466309e+00 2.016793840607026823e+03 1.714990198978987337e+02 2.458691596984863281e-03
2.145486831665039062e+00 1.892345155829706528e+03 1.910510348444986448e+02 1.966953277587890625e-03
2.149912595748901367e+00 2.004439652526849159e+03 1.668368634125615699e+02 2.458810806274414062e-03
2.154830336570739746e+00 2.120862893528805671e+03 1.772615337517422631e+02 2.458930015563964844e-03
2.159748435020446777e+00 1.736306648214040706e+03 1.783251535539102406e+02 2.459168434143066406e-03
2.164666414260864258e+00 1.945442590447754355e+03 1.722106092993540187e+02 2.458810806274414062e-03
2.169584155082702637e+00 1.895742480578370078e+03 1.818979952963711639e+02 2.458930015563964844e-03
2.174502015113830566e+00 1.853898126258504135e+03 1.859120081364976613e+02 2.458930015563964844e-03
2.179420351982116699e+00 2.064229020069367834e+03 1.922660133538065566e+02 2.459406852722167969e-03
2.184338688850402832e+00 1.930520736756923043e+03 1.799743571001692999e+02 2.458930015563964844e-03
2.189256668090820312e+00 1.944523615551858711e+03 1.745174761134057917e+02 2.459049224853515625e-03
2.194175243377685547e+00 1.861347728725191018e+03 1.794071255329347423e+02 2.459526062011718750e-03
2.198602080345153809e+00 2.098536101284073993e+03 2.136957017137058301e+02 1.967310905456542969e-03
2.203028917312622070e+00 1.975968726532830260e+03 1.776147673689258681e+02 2.459526062011718750e-03
2.207947611808776855e+00 1.737135202654689920e+03 1.904693662180613956e+02 2.459168434143066406e-03
2.212866306304931641e+00 1.869098187694976104e+03 1.856358120206796229e+02 2.459526062011718750e-03
2.217785477638244629e+00 2.145147094939213275e+03 1.688998962174532608e+02 2.459645271301269531e-03
2.222704529762268066e+00 1.816971933582696465e+03 1.981970509447910445e+02 2.459406852722167969e-03
2.227623939514160156e+00 2.152662979748398811e+03 2.021996932880167606e+02 2.460002899169921875e-03
2.232543587684631348e+00 2.126983578085986210e+03 1.771335693967232601e+02 2.459645271301269531e-03
2.237463116645812988e+00 1.910054666036942763e+03 1.748060221762343645e+02 2.459883689880371094e-03
2.242383003234863281e+00 2.524652029946682887e+03 2.314126474903073358e+02 2.460002899169921875e-03
2.247303009033203125e+00 1.897240257626697257e+03 1.882596268586632959e+02 2.460002899169921875e-03
2.252223253250122070e+00 1.904709202218096152e+03 1.835979518468921015e+02 2.460241317749023438e-03
2.256651639938354492e+00 1.902518820132388328e+03 2.013976580829403247e+02 1.968145370483398438e-03
2.261080265045166016e+00 1.900327819418083891e+03 1.959294486674286873e+02 2.460479736328125000e-03
2.266001224517822266e+00 2.219741533880472161e+03 1.970264763795137242e+02 2.460479736328125000e-03
2.270922183990478516e+00 1.955393189844929793e+03 1.904301613586733311e+02 2.460479736328125000e-03
2.275843381881713867e+00 2.123376060572860752e+03 2.072042482448534884e+02 2.460718154907226562e-03
2.280764818191528320e+00 2.370166571667367862e+03 2.088357617244587345e+02 2.460718154907226562e-03
2.285686492919921875e+00 2.249537232478898659e+03 1.989787019860891633e+02 2.460956573486328125e-03
2.290608406066894531e+00 2.105623962585506433e+03 2.066575720200517026e+02 2.460956573486328125e-03
2.295530676841735840e+00 1.866777396928700909e+03 2.266667371126741273e+02 2.461314201354980469e-03
2.300453305244445801e+00 2.286544724018711349e+03 2.009234676737119116e+02 2.461314201354980469e-03
2.305376291275024414e+00 1.996637252383404302e+03 2.150684400238726539e+02 2.461671829223632812e-03
2.309807062149047852e+00 2.165161876606990518e+03 2.409842409179898368e+02 1.969099044799804688e-03
2.314237952232360840e+00 2.396886459095024293e+03 2.101989080637690677e+02 2.461791038513183594e-03
2.319161891937255859e+00 1.944171231471092369e+03 2.146160911475692501e+02 2.462148666381835938e-03
2.324086070060729980e+00 2.159432209067010717e+03 1.922941204690989707e+02 2.462029457092285156e-03
2.329010486602783203e+00 2.017254657108504944e+03 2.093799858660520385e+02 2.462387084960937500e-03
2.333935379981994629e+00 1.542354367698957958e+03 2.235872991247576920e+02 2.462506294250488281e-03
2.338860630989074707e+00 2.184367105163472843e+03 2.250769232520153764e+02 2.462744712829589844e-03
2.343786239624023438e+00 2.015291698762773194e+03 2.114925947156332313e+02 2.462863922119140625e-03
2.348711967468261719e+00 2.165535529230329303e+03 2.393421537610718133e+02 2.462863922119140625e-03
2.353638172149658203e+00 1.915512338934950094e+03 2.367229672687769835e+02 2.463340759277343750e-03
2.358072400093078613e+00 2.191814263783532169e+03 2.461930210260445619e+02 1.970887184143066406e-03
2.362506866455078125e+00 2.099806645915983609e+03 2.098711151724485262e+02 2.463579177856445312e-03
2.367434382438659668e+00 2.429051172491196212e+03 2.398104046049047611e+02 2.463936805725097656e-03
2.372362494468688965e+00 1.949509485345459780e+03 2.257955052649817844e+02 2.464175224304199219e-03
2.377290964126586914e+00 1.605907759497050165e+03 2.354570279974236655e+02 2.464294433593750000e-03
2.382219791412353516e+00 2.470699791150805140e+03 2.189394413777213231e+02 2.464532852172851562e-03
2.387149572372436523e+00 2.503494999596382058e+03 2.276932570003950786e+02 2.465248107910156250e-03
2.392079830169677734e+00 2.136850555646197790e+03 2.217960009743549108e+02 2.465009689331054688e-03
2.397010087966918945e+00 1.805226587748126803e+03 2.301881425794761071e+02 2.465248107910156250e-03
2.401940822601318359e+00 2.587123313490229521e+03 2.444148864848621088e+02 2.465486526489257812e-03
2.406379461288452148e+00 1.897650892779737660e+03 2.524523431359839378e+02 1.973152160644531250e-03
2.410818457603454590e+00 1.905018240472867546e+03 2.407814841576732761e+02 2.465844154357910156e-03
2.415750980377197266e+00 2.260889017597090060e+03 2.340440939511868237e+02 2.466678619384765625e-03
2.420684099197387695e+00 2.518309006579734614e+03 2.310232264906121600e+02 2.466440200805664062e-03
2.425617814064025879e+00 2.316851824875809598e+03 2.463450218926000161e+02 2.467274665832519531e-03
2.430552601814270020e+00 2.085894019629635295e+03 2.492563119493611339e+02 2.467513084411621094e-03
2.435487747192382812e+00 2.761546606592904936e+03 2.675605314974172870e+02 2.467632293701171875e-03
2.440423488616943359e+00 2.447821495896227134e+03 2.518859736369631719e+02 2.468109130859375000e-03
2.445359826087951660e+00 2.225448566999112245e+03 2.454946447923707638e+02 2.468228340148925781e-03
2.450296878814697266e+00 2.778399201923949022e+03 2.514417873187526311e+02 2.468824386596679688e-03
2.454740881919860840e+00 2.434827129854434133e+03 2.849382281000730472e+02 1.975178718566894531e-03
2.459185481071472168e+00 2.081447418884702984e+03 2.527204530733774845e+02 2.469420433044433594e-03
2.464124441146850586e+00 2.747418279517350129e+03 2.582458235909912219e+02 2.469539642333984375e-03
2.469064354896545410e+00 2.464308880114577278e+03 2.500665898516426751e+02 2.470374107360839844e-03
2.474005341529846191e+00 2.648493056047543178e+03 2.568972437416446155e+02 2.470612525939941406e-03
2.478946685791015625e+00 2.816584583391962497e+03 2.588943141518261655e+02 2.470731735229492188e-03
2.483888745307922363e+00 2.202171332661773704e+03 2.608832655578651156e+02 2.471327781677246094e-03
2.488831758499145508e+00 2.327759623394509617e+03 2.743832090605842495e+02 2.471685409545898438e-03
2.493775606155395508e+00 2.293623968864123526e+03 2.986829605087871187e+02 2.472162246704101562e-03
2.498226046562194824e+00 2.995833051237209474e+03 3.103962890003149369e+02 1.978278160095214844e-03
2.502677202224731445e+00 2.081992595719961628e+03 2.918397258087948103e+02 2.472877502441406250e-03
2.507623314857482910e+00 2.431981934951285893e+03 2.672783088040869188e+02 2.473235130310058594e-03
2.512570619583129883e+00 2.669113767845989514e+03 2.575113424198530083e+02 2.474069595336914062e-03
2.517519235610961914e+00 2.140833277360235115e+03 2.783329997435189398e+02 2.474546432495117188e-03
2.522468209266662598e+00 2.403744908464986111e+03 2.854409656085608731e+02 2.474427223205566406e-03
2.527418017387390137e+00 2.503121799321577782e+03 2.934261411638181016e+02 2.475380897521972656e-03
2.532369136810302734e+00 2.939605537000272761e+03 2.909031718231194645e+02 2.475738525390625000e-03
2.536826252937316895e+00 2.614448864259519723e+03 2.967127811456462041e+02 1.981377601623535156e-03
2.541284203529357910e+00 2.074243209381981615e+03 3.172999232378649594e+02 2.476572990417480469e-03
2.546237945556640625e+00 2.474859401241089927e+03 3.116818127732931316e+02 2.477169036865234375e-03
2.551192879676818848e+00 2.375015042274209009e+03 3.167280865062466546e+02 2.477765083312988281e-03
2.556148886680603027e+00 2.426357319933333656e+03 3.120607443113976842e+02 2.478241920471191406e-03
2.561106085777282715e+00 2.505362500548416847e+03 3.221874429978911394e+02 2.478957176208496094e-03
2.566064476966857910e+00 2.535471697638958631e+03 3.044861356881610845e+02 2.479434013366699219e-03
2.571023821830749512e+00 2.543149648633064771e+03 2.962304717426204661e+02 2.479910850524902344e-03
2.575488686561584473e+00 3.221879167307541138e+03 3.285756522007468448e+02 1.984953880310058594e-03
2.579954504966735840e+00 2.831446878794876284e+03 3.020930131580330453e+02 2.480864524841308594e-03
2.584917426109313965e+00 1.929480711297411517e+03 3.245763675129176136e+02 2.482056617736816406e-03
2.589881300926208496e+00 1.733490190121710384e+03 3.159344887662689416e+02 2.481818199157714844e-03
2.594846129417419434e+00 2.528535716661434435e+03 3.150850222602111899e+02 2.483010292053222656e-03
2.599812746047973633e+00 2.307961892380790232e+03 3.300341438234197540e+02 2.483606338500976562e-03
2.604780435562133789e+00 2.671844184245660017e+03 3.297363343109832385e+02 2.484083175659179688e-03
2.609749794006347656e+00 2.835815534569540432e+03 3.017528784500022994e+02 2.485275268554687500e-03
2.614223361015319824e+00 1.773954210625517817e+03 3.730847021399904406e+02 1.988291740417480469e-03
2.618698000907897949e+00 2.751948786281710909e+03 3.211019245773813964e+02 2.486348152160644531e-03
2.623671174049377441e+00 2.436801252498170925e+03 3.195277612669246992e+02 2.486824989318847656e-03
2.628645539283752441e+00 3.045574132353847745e+03 3.303271828034139617e+02 2.487540245056152344e-03
2.633621096611022949e+00 2.738643024830748345e+03 3.248682230941785747e+02 2.488017082214355469e-03
2.638598442077636719e+00 1.975979376456638875e+03 3.338037002184312314e+02 2.489328384399414062e-03
2.643577218055725098e+00 2.407329945103303544e+03 4.862256084197697419e+02 2.489447593688964844e-03
2.648059368133544922e+00 3.368139761528002964e+03 3.888709886867372916e+02 1.992702484130859375e-03
2.652543187141418457e+00 2.595014573568912056e+03 3.257480552338370217e+02 2.491116523742675781e-03
2.657525897026062012e+00 2.963644201164626793e+03 3.634937136306502907e+02 2.491593360900878906e-03
2.662510037422180176e+00 2.932623930090357590e+03 3.363588509367295956e+02 2.492547035217285156e-03
2.667496323585510254e+00 3.034012708540305084e+03 3.272958105818356671e+02 2.493739128112792969e-03
2.672484397888183594e+00 2.487379757192915349e+03 3.769419444538652897e+02 2.494335174560546875e-03
2.676974654197692871e+00 2.831674598244507706e+03 3.923503660634319203e+02 1.995921134948730469e-03
2.681466221809387207e+00 2.219115173006448458e+03 3.289938098667666964e+02 2.495646476745605469e-03
2.686458706855773926e+00 2.317893637834949459e+03 3.746870579728749817e+02 2.496838569641113281e-03
2.691452622413635254e+00 2.449070031065291914e+03 3.405702336762155937e+02 2.497076988220214844e-03
2.696448206901550293e+00 2.471156727774084629e+03 3.656477201929315015e+02 2.498507499694824219e-03
2.701446533203125000e+00 3.019585619859530652e+03 3.770374381476940471e+02 2.499818801879882812e-03
2.705946207046508789e+00 2.512328461916244123e+03 3.983687289761469401e+02 1.999855041503906250e-03
2.710446476936340332e+00 3.020786229538377484e+03 3.645487542980340550e+02 2.500414848327636719e-03
2.715448975563049316e+00 1.713841688698628104e+03 3.683976897045738497e+02 2.502083778381347656e-03
2.720453739166259766e+00 2.187235491696206282e+03 3.509771501358391106e+02 2.502679824829101562e-03
2.725460410118103027e+00 2.535205110682359191e+03 3.746387469656951907e+02 2.503991127014160156e-03
2.730468869209289551e+00 2.326277297828134579e+03 4.077220644436547445e+02 2.504467964172363281e-03
2.734978079795837402e+00 5.627899535613856642e+03 5.454899211301271862e+02 2.004742622375488281e-03
2.739489316940307617e+00 2.357479332881917344e+03 3.907703501980774945e+02 2.506494522094726562e-03
2.744503021240234375e+00 2.464519927782369905e+03 4.234939966707227086e+02 2.507209777832031250e-03
2.749518990516662598e+00 2.890851439977378050e+03 4.058079057443542297e+02 2.508759498596191406e-03
2.754537343978881836e+00 3.582222149981501389e+03 3.883823902753006223e+02 2.509593963623046875e-03
2.759557485580444336e+00 1.804328092972658169e+03 4.179401436193097652e+02 2.510547637939453125e-03
2.764076709747314453e+00 2.214314911717595805e+03 5.031918030528647705e+02 2.008676528930664062e-03
2.768598198890686035e+00 2.219923243041271235e+03 4.072085937919757725e+02 2.512812614440917969e-03
2.773624658584594727e+00 3.211205322130846980e+03 4.040585843587741692e+02 2.513647079467773438e-03
2.778652906417846680e+00 3.338647051765871765e+03 4.195580057569873134e+02 2.514600753784179688e-03
2.783683538436889648e+00 2.907625728457533569e+03 4.085086985327811817e+02 2.516031265258789062e-03
2.788213253021240234e+00 3.297219264555515110e+03 4.535057365540128558e+02 2.013683319091796875e-03
2.792744755744934082e+00 3.754182839158210754e+03 4.029657625114982693e+02 2.517819404602050781e-03
2.797781348228454590e+00 2.599214674828102943e+03 4.246700480110694116e+02 2.518773078918457031e-03
2.802820563316345215e+00 3.161702716194776258e+03 4.156237713872342283e+02 2.520442008972167969e-03
2.807862520217895508e+00 3.133381542988441652e+03 4.175224841176332120e+02 2.521514892578125000e-03
2.812402009963989258e+00 2.470894677997808685e+03 5.087649515972423160e+02 2.017974853515625000e-03
2.816943049430847168e+00 2.283067677201972401e+03 4.644901479581301373e+02 2.523064613342285156e-03
2.821991086006164551e+00 3.481430957962249522e+03 4.500863755108980513e+02 2.524971961975097656e-03
2.827041983604431152e+00 2.997877307268439836e+03 4.610572305151663386e+02 2.525925636291503906e-03
2.831589579582214355e+00 1.979420861708353186e+03 5.239216683046274738e+02 2.021670341491699219e-03
2.836139082908630371e+00 2.910257658187862489e+03 4.710271865437371162e+02 2.527832984924316406e-03
2.841194272041320801e+00 3.014592048088932188e+03 4.833882582508281303e+02 2.527356147766113281e-03
